1, 8, 3, 55
1, 8, 13, 55
1, 8, 15, 10, 5, 55
1, 8, 15, 10, 17, 12, 55
1, 8, 15, 10, 17, 22, 27, 20, 25, 55
1, 8, 15, 10, 17, 22, 27, 32, 25, 55
1, 8, 15, 10, 17, 22, 27, 32, 37, 55
1, 8, 15, 10, 17, 22, 27, 32, 39, 34, 29, 24, 55
1, 8, 15, 10, 17, 22, 27, 32, 39, 34, 29, 36, 55
1, 8, 15, 10, 17, 22, 27, 32, 39, 34, 41, 36, 55
1, 8, 15, 10, 17, 22, 27, 32, 39, 34, 41, 46, 51, 55
1, 8, 15, 10, 17, 22, 27, 32, 39, 34, 41, 46, 53, 55
1, 8, 15, 10, 17, 22, 27, 32, 39, 34, 41, 48, 55
1, 8, 15, 10, 17, 22, 27, 32, 39, 44, 49, 55
1, 8, 15, 10, 17, 22, 27, 32, 39, 44, 51, 55
1, 8, 15, 10, 17, 22, 27, 32, 39, 46, 41, 36, 55
1, 8, 15, 10, 17, 22, 27, 32, 39, 46, 41, 48, 55
1, 8, 15, 10, 17, 22, 27, 32, 39, 46, 51, 55
1, 8, 15, 10, 17, 22, 27, 32, 39, 46, 53, 55
1, 8, 15, 10, 17, 22, 27, 34, 29, 24, 55
1, 8, 15, 10, 17, 22, 27, 34, 29, 36, 55
1, 8, 15, 10, 17, 22, 27, 34, 39, 44, 37, 55
1, 8, 15, 10, 17, 22, 27, 34, 39, 44, 49, 55
1, 8, 15, 10, 17, 22, 27, 34, 39, 44, 51, 55
1, 8, 15, 10, 17, 22, 27, 34, 39, 46, 41, 36, 55
1, 8, 15, 10, 17, 22, 27, 34, 39, 46, 41, 48, 55
1, 8, 15, 10, 17, 22, 27, 34, 39, 46, 51, 55
1, 8, 15, 10, 17, 22, 27, 34, 39, 46, 53, 55
1, 8, 15, 10, 17, 22, 27, 34, 41, 36, 55
1, 8, 15, 10, 17, 22, 27, 34, 41, 46, 51, 55
1, 8, 15, 10, 17, 22, 27, 34, 41, 46, 53, 55
1, 8, 15, 10, 17, 22, 27, 34, 41, 48, 55
1, 8, 15, 10, 17, 22, 29, 24, 55
1, 8, 15, 10, 17, 22, 29, 34, 39, 32, 25, 55
1, 8, 15, 10, 17, 22, 29, 34, 39, 32, 37, 55
1, 8, 15, 10, 17, 22, 29, 34, 39, 44, 37, 55
1, 8, 15, 10, 17, 22, 29, 34, 39, 44, 49, 55
1, 8, 15, 10, 17, 22, 29, 34, 39, 44, 51, 55
1, 8, 15, 10, 17, 22, 29, 34, 39, 46, 41, 36, 55
1, 8, 15, 10, 17, 22, 29, 34, 39, 46, 41, 48, 55
1, 8, 15, 10, 17, 22, 29, 34, 39, 46, 51, 55
1, 8, 15, 10, 17, 22, 29, 34, 39, 46, 53, 55
1, 8, 15, 10, 17, 22, 29, 34, 41, 36, 55
1, 8, 15, 10, 17, 22, 29, 34, 41, 46, 51, 55
1, 8, 15, 10, 17, 22, 29, 34, 41, 46, 53, 55
1, 8, 15, 10, 17, 22, 29, 34, 41, 48, 55
1, 8, 15, 10, 17, 22, 29, 36, 55
1, 8, 15, 10, 17, 24, 55
1, 8, 15, 20, 25, 55
1, 8, 15, 20, 27, 22, 17, 12, 55
1, 8, 15, 20, 27, 22, 17, 24, 55
1, 8, 15, 20, 27, 22, 29, 24, 55
1, 8, 15, 20, 27, 22, 29, 34, 39, 32, 37, 55
1, 8, 15, 20, 27, 22, 29, 34, 39, 44, 37, 55
1, 8, 15, 20, 27, 22, 29, 34, 39, 44, 49, 55
1, 8, 15, 20, 27, 22, 29, 34, 39, 44, 51, 55
1, 8, 15, 20, 27, 22, 29, 34, 39, 46, 41, 36, 55
1, 8, 15, 20, 27, 22, 29, 34, 39, 46, 41, 48, 55
1, 8, 15, 20, 27, 22, 29, 34, 39, 46, 51, 55
1, 8, 15, 20, 27, 22, 29, 34, 39, 46, 53, 55
1, 8, 15, 20, 27, 22, 29, 34, 41, 36, 55
1, 8, 15, 20, 27, 22, 29, 34, 41, 46, 51, 55
1, 8, 15, 20, 27, 22, 29, 34, 41, 46, 53, 55
1, 8, 15, 20, 27, 22, 29, 34, 41, 48, 55
1, 8, 15, 20, 27, 22, 29, 36, 55
1, 8, 15, 20, 27, 32, 37, 55
1, 8, 15, 20, 27, 32, 39, 34, 29, 24, 55
1, 8, 15, 20, 27, 32, 39, 34, 29, 36, 55
1, 8, 15, 20, 27, 32, 39, 34, 41, 36, 55
1, 8, 15, 20, 27, 32, 39, 34, 41, 46, 51, 55
1, 8, 15, 20, 27, 32, 39, 34, 41, 46, 53, 55
1, 8, 15, 20, 27, 32, 39, 34, 41, 48, 55
1, 8, 15, 20, 27, 32, 39, 44, 49, 55
1, 8, 15, 20, 27, 32, 39, 44, 51, 55
1, 8, 15, 20, 27, 32, 39, 46, 41, 36, 55
1, 8, 15, 20, 27, 32, 39, 46, 41, 48, 55
1, 8, 15, 20, 27, 32, 39, 46, 51, 55
1, 8, 15, 20, 27, 32, 39, 46, 53, 55
1, 8, 15, 20, 27, 34, 29, 24, 55
1, 8, 15, 20, 27, 34, 29, 36, 55
1, 8, 15, 20, 27, 34, 39, 44, 37, 55
1, 8, 15, 20, 27, 34, 39, 44, 49, 55
1, 8, 15, 20, 27, 34, 39, 44, 51, 55
1, 8, 15, 20, 27, 34, 39, 46, 41, 36, 55
1, 8, 15, 20, 27, 34, 39, 46, 41, 48, 55
1, 8, 15, 20, 27, 34, 39, 46, 51, 55
1, 8, 15, 20, 27, 34, 39, 46, 53, 55
1, 8, 15, 20, 27, 34, 41, 36, 55
1, 8, 15, 20, 27, 34, 41, 46, 51, 55
1, 8, 15, 20, 27, 34, 41, 46, 53, 55
1, 8, 15, 20, 27, 34, 41, 48, 55
1, 8, 15, 22, 17, 12, 55
1, 8, 15, 22, 17, 24, 55
1, 8, 15, 22, 27, 32, 25, 55
1, 8, 15, 22, 27, 32, 37, 55
1, 8, 15, 22, 27, 32, 39, 34, 29, 24, 55
1, 8, 15, 22, 27, 32, 39, 34, 29, 36, 55
1, 8, 15, 22, 27, 32, 39, 34, 41, 36, 55
1, 8, 15, 22, 27, 32, 39, 34, 41, 46, 51, 55
1, 8, 15, 22, 27, 32, 39, 34, 41, 46, 53, 55
1, 8, 15, 22, 27, 32, 39, 34, 41, 48, 55
1, 8, 15, 22, 27, 32, 39, 44, 49, 55
1, 8, 15, 22, 27, 32, 39, 44, 51, 55
1, 8, 15, 22, 27, 32, 39, 46, 41, 36, 55
1, 8, 15, 22, 27, 32, 39, 46, 41, 48, 55
1, 8, 15, 22, 27, 32, 39, 46, 51, 55
1, 8, 15, 22, 27, 32, 39, 46, 53, 55
1, 8, 15, 22, 27, 34, 29, 24, 55
1, 8, 15, 22, 27, 34, 29, 36, 55
1, 8, 15, 22, 27, 34, 39, 44, 37, 55
1, 8, 15, 22, 27, 34, 39, 44, 49, 55
1, 8, 15, 22, 27, 34, 39, 44, 51, 55
1, 8, 15, 22, 27, 34, 39, 46, 41, 36, 55
1, 8, 15, 22, 27, 34, 39, 46, 41, 48, 55
1, 8, 15, 22, 27, 34, 39, 46, 51, 55
1, 8, 15, 22, 27, 34, 39, 46, 53, 55
1, 8, 15, 22, 27, 34, 41, 36, 55
1, 8, 15, 22, 27, 34, 41, 46, 51, 55
1, 8, 15, 22, 27, 34, 41, 46, 53, 55
1, 8, 15, 22, 27, 34, 41, 48, 55
1, 8, 15, 22, 29, 24, 55
1, 8, 15, 22, 29, 34, 39, 32, 25, 55
1, 8, 15, 22, 29, 34, 39, 32, 37, 55
1, 8, 15, 22, 29, 34, 39, 44, 37, 55
1, 8, 15, 22, 29, 34, 39, 44, 49, 55
1, 8, 15, 22, 29, 34, 39, 44, 51, 55
1, 8, 15, 22, 29, 34, 39, 46, 41, 36, 55
1, 8, 15, 22, 29, 34, 39, 46, 41, 48, 55
1, 8, 15, 22, 29, 34, 39, 46, 51, 55
1, 8, 15, 22, 29, 34, 39, 46, 53, 55
1, 8, 15, 22, 29, 34, 41, 36, 55
1, 8, 15, 22, 29, 34, 41, 46, 51, 55
1, 8, 15, 22, 29, 34, 41, 46, 53, 55
1, 8, 15, 22, 29, 34, 41, 48, 55
1, 8, 15, 22, 29, 36, 55
2, 7, 55
2, 9, 4, 55
2, 9, 14, 19, 55
2, 9, 14, 21, 16, 11, 6, 55
2, 9, 14, 21, 16, 11, 18, 55
2, 9, 14, 21, 16, 23, 18, 55
2, 9, 14, 21, 16, 23, 28, 33, 26, 31, 55
2, 9, 14, 21, 16, 23, 28, 33, 38, 31, 55
2, 9, 14, 21, 16, 23, 28, 33, 38, 43, 55
2, 9, 14, 21, 16, 23, 28, 33, 38, 45, 40, 35, 30, 55
2, 9, 14, 21, 16, 23, 28, 33, 38, 45, 40, 35, 42, 55
2, 9, 14, 21, 16, 23, 28, 33, 38, 45, 40, 47, 42, 55
2, 9, 14, 21, 16, 23, 28, 33, 38, 45, 40, 47, 52, 55
2, 9, 14, 21, 16, 23, 28, 33, 38, 45, 40, 47, 54, 55
2, 9, 14, 21, 16, 23, 28, 33, 38, 45, 50, 55
2, 9, 14, 21, 16, 23, 28, 33, 38, 45, 52, 55
2, 9, 14, 21, 16, 23, 28, 33, 40, 35, 30, 55
2, 9, 14, 21, 16, 23, 28, 33, 40, 35, 42, 55
2, 9, 14, 21, 16, 23, 28, 33, 40, 45, 50, 55
2, 9, 14, 21, 16, 23, 28, 33, 40, 45, 52, 55
2, 9, 14, 21, 16, 23, 28, 33, 40, 47, 42, 55
2, 9, 14, 21, 16, 23, 28, 33, 40, 47, 52, 55
2, 9, 14, 21, 16, 23, 28, 33, 40, 47, 54, 55
2, 9, 14, 21, 16, 23, 28, 35, 30, 55
2, 9, 14, 21, 16, 23, 28, 35, 40, 45, 38, 31, 55
2, 9, 14, 21, 16, 23, 28, 35, 40, 45, 38, 43, 55
2, 9, 14, 21, 16, 23, 28, 35, 40, 45, 50, 55
2, 9, 14, 21, 16, 23, 28, 35, 40, 45, 52, 55
2, 9, 14, 21, 16, 23, 28, 35, 40, 47, 42, 55
2, 9, 14, 21, 16, 23, 28, 35, 40, 47, 52, 55
2, 9, 14, 21, 16, 23, 28, 35, 40, 47, 54, 55
2, 9, 14, 21, 16, 23, 28, 35, 42, 55
2, 9, 14, 21, 16, 23, 30, 55
2, 9, 14, 21, 26, 31, 55
2, 9, 14, 21, 26, 33, 28, 23, 18, 55
2, 9, 14, 21, 26, 33, 28, 23, 30, 55
2, 9, 14, 21, 26, 33, 28, 35, 30, 55
2, 9, 14, 21, 26, 33, 28, 35, 40, 45, 38, 43, 55
2, 9, 14, 21, 26, 33, 28, 35, 40, 45, 50, 55
2, 9, 14, 21, 26, 33, 28, 35, 40, 45, 52, 55
2, 9, 14, 21, 26, 33, 28, 35, 40, 47, 42, 55
2, 9, 14, 21, 26, 33, 28, 35, 40, 47, 52, 55
2, 9, 14, 21, 26, 33, 28, 35, 40, 47, 54, 55
2, 9, 14, 21, 26, 33, 28, 35, 42, 55
2, 9, 14, 21, 26, 33, 38, 43, 55
2, 9, 14, 21, 26, 33, 38, 45, 40, 35, 30, 55
2, 9, 14, 21, 26, 33, 38, 45, 40, 35, 42, 55
2, 9, 14, 21, 26, 33, 38, 45, 40, 47, 42, 55
2, 9, 14, 21, 26, 33, 38, 45, 40, 47, 52, 55
2, 9, 14, 21, 26, 33, 38, 45, 40, 47, 54, 55
2, 9, 14, 21, 26, 33, 38, 45, 50, 55
2, 9, 14, 21, 26, 33, 38, 45, 52, 55
2, 9, 14, 21, 26, 33, 40, 35, 30, 55
2, 9, 14, 21, 26, 33, 40, 35, 42, 55
2, 9, 14, 21, 26, 33, 40, 45, 50, 55
2, 9, 14, 21, 26, 33, 40, 45, 52, 55
2, 9, 14, 21, 26, 33, 40, 47, 42, 55
2, 9, 14, 21, 26, 33, 40, 47, 52, 55
2, 9, 14, 21, 26, 33, 40, 47, 54, 55
2, 9, 14, 21, 28, 23, 18, 55
2, 9, 14, 21, 28, 23, 30, 55
2, 9, 14, 21, 28, 33, 38, 31, 55
2, 9, 14, 21, 28, 33, 38, 43, 55
2, 9, 14, 21, 28, 33, 38, 45, 40, 35, 30, 55
2, 9, 14, 21, 28, 33, 38, 45, 40, 35, 42, 55
2, 9, 14, 21, 28, 33, 38, 45, 40, 47, 42, 55
2, 9, 14, 21, 28, 33, 38, 45, 40, 47, 52, 55
2, 9, 14, 21, 28, 33, 38, 45, 40, 47, 54, 55
2, 9, 14, 21, 28, 33, 38, 45, 50, 55
2, 9, 14, 21, 28, 33, 38, 45, 52, 55
2, 9, 14, 21, 28, 33, 40, 35, 30, 55
2, 9, 14, 21, 28, 33, 40, 35, 42, 55
2, 9, 14, 21, 28, 33, 40, 45, 50, 55
2, 9, 14, 21, 28, 33, 40, 45, 52, 55
2, 9, 14, 21, 28, 33, 40, 47, 42, 55
2, 9, 14, 21, 28, 33, 40, 47, 52, 55
2, 9, 14, 21, 28, 33, 40, 47, 54, 55
2, 9, 14, 21, 28, 35, 30, 55
2, 9, 14, 21, 28, 35, 40, 45, 38, 31, 55
2, 9, 14, 21, 28, 35, 40, 45, 38, 43, 55
2, 9, 14, 21, 28, 35, 40, 45, 50, 55
2, 9, 14, 21, 28, 35, 40, 45, 52, 55
2, 9, 14, 21, 28, 35, 40, 47, 42, 55
2, 9, 14, 21, 28, 35, 40, 47, 52, 55
2, 9, 14, 21, 28, 35, 40, 47, 54, 55
2, 9, 14, 21, 28, 35, 42, 55
2, 9, 16, 11, 6, 55
2, 9, 16, 11, 18, 55
2, 9, 16, 21, 26, 19, 55
2, 9, 16, 21, 26, 31, 55
2, 9, 16, 21, 26, 33, 28, 23, 18, 55
2, 9, 16, 21, 26, 33, 28, 23, 30, 55
2, 9, 16, 21, 26, 33, 28, 35, 30, 55
2, 9, 16, 21, 26, 33, 28, 35, 40, 45, 38, 43, 55
2, 9, 16, 21, 26, 33, 28, 35, 40, 45, 50, 55
2, 9, 16, 21, 26, 33, 28, 35, 40, 45, 52, 55
2, 9, 16, 21, 26, 33, 28, 35, 40, 47, 42, 55
2, 9, 16, 21, 26, 33, 28, 35, 40, 47, 52, 55
2, 9, 16, 21, 26, 33, 28, 35, 40, 47, 54, 55
2, 9, 16, 21, 26, 33, 28, 35, 42, 55
2, 9, 16, 21, 26, 33, 38, 43, 55
2, 9, 16, 21, 26, 33, 38, 45, 40, 35, 30, 55
2, 9, 16, 21, 26, 33, 38, 45, 40, 35, 42, 55
2, 9, 16, 21, 26, 33, 38, 45, 40, 47, 42, 55
2, 9, 16, 21, 26, 33, 38, 45, 40, 47, 52, 55
2, 9, 16, 21, 26, 33, 38, 45, 40, 47, 54, 55
2, 9, 16, 21, 26, 33, 38, 45, 50, 55
2, 9, 16, 21, 26, 33, 38, 45, 52, 55
2, 9, 16, 21, 26, 33, 40, 35, 30, 55
2, 9, 16, 21, 26, 33, 40, 35, 42, 55
2, 9, 16, 21, 26, 33, 40, 45, 50, 55
2, 9, 16, 21, 26, 33, 40, 45, 52, 55
2, 9, 16, 21, 26, 33, 40, 47, 42, 55
2, 9, 16, 21, 26, 33, 40, 47, 52, 55
2, 9, 16, 21, 26, 33, 40, 47, 54, 55
2, 9, 16, 21, 28, 23, 18, 55
2, 9, 16, 21, 28, 23, 30, 55
2, 9, 16, 21, 28, 33, 38, 31, 55
2, 9, 16, 21, 28, 33, 38, 43, 55
2, 9, 16, 21, 28, 33, 38, 45, 40, 35, 30, 55
2, 9, 16, 21, 28, 33, 38, 45, 40, 35, 42, 55
2, 9, 16, 21, 28, 33, 38, 45, 40, 47, 42, 55
2, 9, 16, 21, 28, 33, 38, 45, 40, 47, 52, 55
2, 9, 16, 21, 28, 33, 38, 45, 40, 47, 54, 55
2, 9, 16, 21, 28, 33, 38, 45, 50, 55
2, 9, 16, 21, 28, 33, 38, 45, 52, 55
2, 9, 16, 21, 28, 33, 40, 35, 30, 55
2, 9, 16, 21, 28, 33, 40, 35, 42, 55
2, 9, 16, 21, 28, 33, 40, 45, 50, 55
2, 9, 16, 21, 28, 33, 40, 45, 52, 55
2, 9, 16, 21, 28, 33, 40, 47, 42, 55
2, 9, 16, 21, 28, 33, 40, 47, 52, 55
2, 9, 16, 21, 28, 33, 40, 47, 54, 55
2, 9, 16, 21, 28, 35, 30, 55
2, 9, 16, 21, 28, 35, 40, 45, 38, 31, 55
2, 9, 16, 21, 28, 35, 40, 45, 38, 43, 55
2, 9, 16, 21, 28, 35, 40, 45, 50, 55
2, 9, 16, 21, 28, 35, 40, 45, 52, 55
2, 9, 16, 21, 28, 35, 40, 47, 42, 55
2, 9, 16, 21, 28, 35, 40, 47, 52, 55
2, 9, 16, 21, 28, 35, 40, 47, 54, 55
2, 9, 16, 21, 28, 35, 42, 55
2, 9, 16, 23, 18, 55
2, 9, 16, 23, 28, 33, 26, 19, 55
2, 9, 16, 23, 28, 33, 26, 31, 55
2, 9, 16, 23, 28, 33, 38, 31, 55
2, 9, 16, 23, 28, 33, 38, 43, 55
2, 9, 16, 23, 28, 33, 38, 45, 40, 35, 30, 55
2, 9, 16, 23, 28, 33, 38, 45, 40, 35, 42, 55
2, 9, 16, 23, 28, 33, 38, 45, 40, 47, 42, 55
2, 9, 16, 23, 28, 33, 38, 45, 40, 47, 52, 55
2, 9, 16, 23, 28, 33, 38, 45, 40, 47, 54, 55
2, 9, 16, 23, 28, 33, 38, 45, 50, 55
2, 9, 16, 23, 28, 33, 38, 45, 52, 55
2, 9, 16, 23, 28, 33, 40, 35, 30, 55
2, 9, 16, 23, 28, 33, 40, 35, 42, 55
2, 9, 16, 23, 28, 33, 40, 45, 50, 55
2, 9, 16, 23, 28, 33, 40, 45, 52, 55
2, 9, 16, 23, 28, 33, 40, 47, 42, 55
2, 9, 16, 23, 28, 33, 40, 47, 52, 55
2, 9, 16, 23, 28, 33, 40, 47, 54, 55
2, 9, 16, 23, 28, 35, 30, 55
2, 9, 16, 23, 28, 35, 40, 45, 38, 31, 55
2, 9, 16, 23, 28, 35, 40, 45, 38, 43, 55
2, 9, 16, 23, 28, 35, 40, 45, 50, 55
2, 9, 16, 23, 28, 35, 40, 45, 52, 55
2, 9, 16, 23, 28, 35, 40, 47, 42, 55
2, 9, 16, 23, 28, 35, 40, 47, 52, 55
2, 9, 16, 23, 28, 35, 40, 47, 54, 55
2, 9, 16, 23, 28, 35, 42, 55
2, 9, 16, 23, 30, 55
3, 8, 13, 55
3, 8, 15, 10
3, 8, 15, 10, 5, 55
3, 8, 15, 10, 17, 12, 55
3, 8, 15, 10, 17, 22, 27, 20, 25, 55
3, 8, 15, 10, 17, 22, 27, 32, 25, 55
3, 8, 15, 10, 17, 22, 27, 32, 37, 55
3, 8, 15, 10, 17, 22, 27, 32, 39, 34, 29, 24, 55
3, 8, 15, 10, 17, 22, 27, 32, 39, 34, 29, 36, 55
3, 8, 15, 10, 17, 22, 27, 32, 39, 34, 41, 36, 55
3, 8, 15, 10, 17, 22, 27, 32, 39, 34, 41, 46, 51, 55
3, 8, 15, 10, 17, 22, 27, 32, 39, 34, 41, 46, 53, 55
3, 8, 15, 10, 17, 22, 27, 32, 39, 34, 41, 48, 55
3, 8, 15, 10, 17, 22, 27, 32, 39, 44, 49, 55
3, 8, 15, 10, 17, 22, 27, 32, 39, 44, 51, 55
3, 8, 15, 10, 17, 22, 27, 32, 39, 46, 41, 36, 55
3, 8, 15, 10, 17, 22, 27, 32, 39, 46, 41, 48, 55
3, 8, 15, 10, 17, 22, 27, 32, 39, 46, 51, 55
3, 8, 15, 10, 17, 22, 27, 32, 39, 46, 53, 55
3, 8, 15, 10, 17, 22, 27, 34, 29, 24, 55
3, 8, 15, 10, 17, 22, 27, 34, 29, 36, 55
3, 8, 15, 10, 17, 22, 27, 34, 39, 44, 37, 55
3, 8, 15, 10, 17, 22, 27, 34, 39, 44, 49, 55
3, 8, 15, 10, 17, 22, 27, 34, 39, 44, 51, 55
3, 8, 15, 10, 17, 22, 27, 34, 39, 46, 41, 36, 55
3, 8, 15, 10, 17, 22, 27, 34, 39, 46, 41, 48, 55
3, 8, 15, 10, 17, 22, 27, 34, 39, 46, 51, 55
3, 8, 15, 10, 17, 22, 27, 34, 39, 46, 53, 55
3, 8, 15, 10, 17, 22, 27, 34, 41, 36, 55
3, 8, 15, 10, 17, 22, 27, 34, 41, 46, 51, 55
3, 8, 15, 10, 17, 22, 27, 34, 41, 46, 53, 55
3, 8, 15, 10, 17, 22, 27, 34, 41, 48, 55
3, 8, 15, 10, 17, 22, 29, 24, 55
3, 8, 15, 10, 17, 22, 29, 34, 39, 32, 25, 55
3, 8, 15, 10, 17, 22, 29, 34, 39, 32, 37, 55
3, 8, 15, 10, 17, 22, 29, 34, 39, 44, 37, 55
3, 8, 15, 10, 17, 22, 29, 34, 39, 44, 49, 55
3, 8, 15, 10, 17, 22, 29, 34, 39, 44, 51, 55
3, 8, 15, 10, 17, 22, 29, 34, 39, 46, 41, 36, 55
3, 8, 15, 10, 17, 22, 29, 34, 39, 46, 41, 48, 55
3, 8, 15, 10, 17, 22, 29, 34, 39, 46, 51, 55
3, 8, 15, 10, 17, 22, 29, 34, 39, 46, 53, 55
3, 8, 15, 10, 17, 22, 29, 34, 41, 36, 55
3, 8, 15, 10, 17, 22, 29, 34, 41, 46, 51, 55
3, 8, 15, 10, 17, 22, 29, 34, 41, 46, 53, 55
3, 8, 15, 10, 17, 22, 29, 34, 41, 48, 55
3, 8, 15, 10, 17, 22, 29, 36, 55
3, 8, 15, 10, 17, 24, 55
3, 8, 15, 20, 25, 55
3, 8, 15, 20, 27, 22, 17, 12, 55
3, 8, 15, 20, 27, 22, 17, 24, 55
3, 8, 15, 20, 27, 22, 29, 24, 55
3, 8, 15, 20, 27, 22, 29, 34, 39, 32, 37, 55
3, 8, 15, 20, 27, 22, 29, 34, 39, 44, 37, 55
3, 8, 15, 20, 27, 22, 29, 34, 39, 44, 49, 55
3, 8, 15, 20, 27, 22, 29, 34, 39, 44, 51, 55
3, 8, 15, 20, 27, 22, 29, 34, 39, 46, 41, 36, 55
3, 8, 15, 20, 27, 22, 29, 34, 39, 46, 41, 48, 55
3, 8, 15, 20, 27, 22, 29, 34, 39, 46, 51, 55
3, 8, 15, 20, 27, 22, 29, 34, 39, 46, 53, 55
3, 8, 15, 20, 27, 22, 29, 34, 41, 36, 55
3, 8, 15, 20, 27, 22, 29, 34, 41, 46, 51, 55
3, 8, 15, 20, 27, 22, 29, 34, 41, 46, 53, 55
3, 8, 15, 20, 27, 22, 29, 34, 41, 48, 55
3, 8, 15, 20, 27, 22, 29, 36, 55
3, 8, 15, 20, 27, 32, 37, 55
3, 8, 15, 20, 27, 32, 39, 34, 29, 24, 55
3, 8, 15, 20, 27, 32, 39, 34, 29, 36, 55
3, 8, 15, 20, 27, 32, 39, 34, 41, 36, 55
3, 8, 15, 20, 27, 32, 39, 34, 41, 46, 51, 55
3, 8, 15, 20, 27, 32, 39, 34, 41, 46, 53, 55
3, 8, 15, 20, 27, 32, 39, 34, 41, 48, 55
3, 8, 15, 20, 27, 32, 39, 44, 49, 55
3, 8, 15, 20, 27, 32, 39, 44, 51, 55
3, 8, 15, 20, 27, 32, 39, 46, 41, 36, 55
3, 8, 15, 20, 27, 32, 39, 46, 41, 48, 55
3, 8, 15, 20, 27, 32, 39, 46, 51, 55
3, 8, 15, 20, 27, 32, 39, 46, 53, 55
3, 8, 15, 20, 27, 34, 29, 24, 55
3, 8, 15, 20, 27, 34, 29, 36, 55
3, 8, 15, 20, 27, 34, 39, 44, 37, 55
3, 8, 15, 20, 27, 34, 39, 44, 49, 55
3, 8, 15, 20, 27, 34, 39, 44, 51, 55
3, 8, 15, 20, 27, 34, 39, 46, 41, 36, 55
3, 8, 15, 20, 27, 34, 39, 46, 41, 48, 55
3, 8, 15, 20, 27, 34, 39, 46, 51, 55
3, 8, 15, 20, 27, 34, 39, 46, 53, 55
3, 8, 15, 20, 27, 34, 41, 36, 55
3, 8, 15, 20, 27, 34, 41, 46, 51, 55
3, 8, 15, 20, 27, 34, 41, 46, 53, 55
3, 8, 15, 20, 27, 34, 41, 48, 55
3, 8, 15, 22, 17, 12, 55
3, 8, 15, 22, 17, 24, 55
3, 8, 15, 22, 27, 32, 25, 55
3, 8, 15, 22, 27, 32, 37, 55
3, 8, 15, 22, 27, 32, 39, 34, 29, 24, 55
3, 8, 15, 22, 27, 32, 39, 34, 29, 36, 55
3, 8, 15, 22, 27, 32, 39, 34, 41, 36, 55
3, 8, 15, 22, 27, 32, 39, 34, 41, 46, 51, 55
3, 8, 15, 22, 27, 32, 39, 34, 41, 46, 53, 55
3, 8, 15, 22, 27, 32, 39, 34, 41, 48, 55
3, 8, 15, 22, 27, 32, 39, 44, 49, 55
3, 8, 15, 22, 27, 32, 39, 44, 51, 55
3, 8, 15, 22, 27, 32, 39, 46, 41, 36, 55
3, 8, 15, 22, 27, 32, 39, 46, 41, 48, 55
3, 8, 15, 22, 27, 32, 39, 46, 51, 55
3, 8, 15, 22, 27, 32, 39, 46, 53, 55
3, 8, 15, 22, 27, 34, 29, 24, 55
3, 8, 15, 22, 27, 34, 29, 36, 55
3, 8, 15, 22, 27, 34, 39, 44, 37, 55
3, 8, 15, 22, 27, 34, 39, 44, 49, 55
3, 8, 15, 22, 27, 34, 39, 44, 51, 55
3, 8, 15, 22, 27, 34, 39, 46, 41, 36, 55
3, 8, 15, 22, 27, 34, 39, 46, 41, 48, 55
3, 8, 15, 22, 27, 34, 39, 46, 51, 55
3, 8, 15, 22, 27, 34, 39, 46, 53, 55
3, 8, 15, 22, 27, 34, 41, 36, 55
3, 8, 15, 22, 27, 34, 41, 46, 51, 55
3, 8, 15, 22, 27, 34, 41, 46, 53, 55
3, 8, 15, 22, 27, 34, 41, 48, 55
3, 8, 15, 22, 29, 24, 55
3, 8, 15, 22, 29, 34, 39, 32, 25, 55
3, 8, 15, 22, 29, 34, 39, 32, 37, 55
3, 8, 15, 22, 29, 34, 39, 44, 37, 55
3, 8, 15, 22, 29, 34, 39, 44, 49, 55
3, 8, 15, 22, 29, 34, 39, 44, 51, 55
3, 8, 15, 22, 29, 34, 39, 46, 41, 36, 55
3, 8, 15, 22, 29, 34, 39, 46, 41, 48, 55
3, 8, 15, 22, 29, 34, 39, 46, 51, 55
3, 8, 15, 22, 29, 34, 39, 46, 53, 55
3, 8, 15, 22, 29, 34, 41, 36, 55
3, 8, 15, 22, 29, 34, 41, 46, 51, 55
3, 8, 15, 22, 29, 34, 41, 46, 53, 55
3, 8, 15, 22, 29, 34, 41, 48, 55
3, 8, 15, 22, 29, 36, 55
3, 10, 5, 55
3, 10, 15, 20, 13, 55
3, 10, 15, 20, 25, 55
3, 10, 15, 20, 27, 22, 17, 12, 55
3, 10, 15, 20, 27, 22, 17, 24, 55
3, 10, 15, 20, 27, 22, 29, 24, 55
3, 10, 15, 20, 27, 22, 29, 34, 39, 32, 37, 55
3, 10, 15, 20, 27, 22, 29, 34, 39, 44, 37, 55
3, 10, 15, 20, 27, 22, 29, 34, 39, 44, 49, 55
3, 10, 15, 20, 27, 22, 29, 34, 39, 44, 51, 55
3, 10, 15, 20, 27, 22, 29, 34, 39, 46, 41, 36, 55
3, 10, 15, 20, 27, 22, 29, 34, 39, 46, 41, 48, 55
3, 10, 15, 20, 27, 22, 29, 34, 39, 46, 51, 55
3, 10, 15, 20, 27, 22, 29, 34, 39, 46, 53, 55
3, 10, 15, 20, 27, 22, 29, 34, 41, 36, 55
3, 10, 15, 20, 27, 22, 29, 34, 41, 46, 51, 55
3, 10, 15, 20, 27, 22, 29, 34, 41, 46, 53, 55
3, 10, 15, 20, 27, 22, 29, 34, 41, 48, 55
3, 10, 15, 20, 27, 22, 29, 36, 55
3, 10, 15, 20, 27, 32, 37, 55
3, 10, 15, 20, 27, 32, 39, 34, 29, 24, 55
3, 10, 15, 20, 27, 32, 39, 34, 29, 36, 55
3, 10, 15, 20, 27, 32, 39, 34, 41, 36, 55
3, 10, 15, 20, 27, 32, 39, 34, 41, 46, 51, 55
3, 10, 15, 20, 27, 32, 39, 34, 41, 46, 53, 55
3, 10, 15, 20, 27, 32, 39, 34, 41, 48, 55
3, 10, 15, 20, 27, 32, 39, 44, 49, 55
3, 10, 15, 20, 27, 32, 39, 44, 51, 55
3, 10, 15, 20, 27, 32, 39, 46, 41, 36, 55
3, 10, 15, 20, 27, 32, 39, 46, 41, 48, 55
3, 10, 15, 20, 27, 32, 39, 46, 51, 55
3, 10, 15, 20, 27, 32, 39, 46, 53, 55
3, 10, 15, 20, 27, 34, 29, 24, 55
3, 10, 15, 20, 27, 34, 29, 36, 55
3, 10, 15, 20, 27, 34, 39, 44, 37, 55
3, 10, 15, 20, 27, 34, 39, 44, 49, 55
3, 10, 15, 20, 27, 34, 39, 44, 51, 55
3, 10, 15, 20, 27, 34, 39, 46, 41, 36, 55
3, 10, 15, 20, 27, 34, 39, 46, 41, 48, 55
3, 10, 15, 20, 27, 34, 39, 46, 51, 55
3, 10, 15, 20, 27, 34, 39, 46, 53, 55
3, 10, 15, 20, 27, 34, 41, 36, 55
3, 10, 15, 20, 27, 34, 41, 46, 51, 55
3, 10, 15, 20, 27, 34, 41, 46, 53, 55
3, 10, 15, 20, 27, 34, 41, 48, 55
3, 10, 15, 22, 17, 12, 55
3, 10, 15, 22, 17, 24, 55
3, 10, 15, 22, 27, 32, 25, 55
3, 10, 15, 22, 27, 32, 37, 55
3, 10, 15, 22, 27, 32, 39, 34, 29, 24, 55
3, 10, 15, 22, 27, 32, 39, 34, 29, 36, 55
3, 10, 15, 22, 27, 32, 39, 34, 41, 36, 55
3, 10, 15, 22, 27, 32, 39, 34, 41, 46, 51, 55
3, 10, 15, 22, 27, 32, 39, 34, 41, 46, 53, 55
3, 10, 15, 22, 27, 32, 39, 34, 41, 48, 55
3, 10, 15, 22, 27, 32, 39, 44, 49, 55
3, 10, 15, 22, 27, 32, 39, 44, 51, 55
3, 10, 15, 22, 27, 32, 39, 46, 41, 36, 55
3, 10, 15, 22, 27, 32, 39, 46, 41, 48, 55
3, 10, 15, 22, 27, 32, 39, 46, 51, 55
3, 10, 15, 22, 27, 32, 39, 46, 53, 55
3, 10, 15, 22, 27, 34, 29, 24, 55
3, 10, 15, 22, 27, 34, 29, 36, 55
3, 10, 15, 22, 27, 34, 39, 44, 37, 55
3, 10, 15, 22, 27, 34, 39, 44, 49, 55
3, 10, 15, 22, 27, 34, 39, 44, 51, 55
3, 10, 15, 22, 27, 34, 39, 46, 41, 36, 55
3, 10, 15, 22, 27, 34, 39, 46, 41, 48, 55
3, 10, 15, 22, 27, 34, 39, 46, 51, 55
3, 10, 15, 22, 27, 34, 39, 46, 53, 55
3, 10, 15, 22, 27, 34, 41, 36, 55
3, 10, 15, 22, 27, 34, 41, 46, 51, 55
3, 10, 15, 22, 27, 34, 41, 46, 53, 55
3, 10, 15, 22, 27, 34, 41, 48, 55
3, 10, 15, 22, 29, 24, 55
3, 10, 15, 22, 29, 34, 39, 32, 25, 55
3, 10, 15, 22, 29, 34, 39, 32, 37, 55
3, 10, 15, 22, 29, 34, 39, 44, 37, 55
3, 10, 15, 22, 29, 34, 39, 44, 49, 55
3, 10, 15, 22, 29, 34, 39, 44, 51, 55
3, 10, 15, 22, 29, 34, 39, 46, 41, 36, 55
3, 10, 15, 22, 29, 34, 39, 46, 41, 48, 55
3, 10, 15, 22, 29, 34, 39, 46, 51, 55
3, 10, 15, 22, 29, 34, 39, 46, 53, 55
3, 10, 15, 22, 29, 34, 41, 36, 55
3, 10, 15, 22, 29, 34, 41, 46, 51, 55
3, 10, 15, 22, 29, 34, 41, 46, 53, 55
3, 10, 15, 22, 29, 34, 41, 48, 55
3, 10, 15, 22, 29, 36, 55
3, 10, 17, 12, 55
3, 10, 17, 22, 27, 20, 13, 55
3, 10, 17, 22, 27, 20, 25, 55
3, 10, 17, 22, 27, 32, 25, 55
3, 10, 17, 22, 27, 32, 37, 55
3, 10, 17, 22, 27, 32, 39, 34, 29, 24, 55
3, 10, 17, 22, 27, 32, 39, 34, 29, 36, 55
3, 10, 17, 22, 27, 32, 39, 34, 41, 36, 55
3, 10, 17, 22, 27, 32, 39, 34, 41, 46, 51, 55
3, 10, 17, 22, 27, 32, 39, 34, 41, 46, 53, 55
3, 10, 17, 22, 27, 32, 39, 34, 41, 48, 55
3, 10, 17, 22, 27, 32, 39, 44, 49, 55
3, 10, 17, 22, 27, 32, 39, 44, 51, 55
3, 10, 17, 22, 27, 32, 39, 46, 41, 36, 55
3, 10, 17, 22, 27, 32, 39, 46, 41, 48, 55
3, 10, 17, 22, 27, 32, 39, 46, 51, 55
3, 10, 17, 22, 27, 32, 39, 46, 53, 55
3, 10, 17, 22, 27, 34, 29, 24, 55
3, 10, 17, 22, 27, 34, 29, 36, 55
3, 10, 17, 22, 27, 34, 39, 44, 37, 55
3, 10, 17, 22, 27, 34, 39, 44, 49, 55
3, 10, 17, 22, 27, 34, 39, 44, 51, 55
3, 10, 17, 22, 27, 34, 39, 46, 41, 36, 55
3, 10, 17, 22, 27, 34, 39, 46, 41, 48, 55
3, 10, 17, 22, 27, 34, 39, 46, 51, 55
3, 10, 17, 22, 27, 34, 39, 46, 53, 55
3, 10, 17, 22, 27, 34, 41, 36, 55
3, 10, 17, 22, 27, 34, 41, 46, 51, 55
3, 10, 17, 22, 27, 34, 41, 46, 53, 55
3, 10, 17, 22, 27, 34, 41, 48, 55
3, 10, 17, 22, 29, 24, 55
3, 10, 17, 22, 29, 34, 39, 32, 25, 55
3, 10, 17, 22, 29, 34, 39, 32, 37, 55
3, 10, 17, 22, 29, 34, 39, 44, 37, 55
3, 10, 17, 22, 29, 34, 39, 44, 49, 55
3, 10, 17, 22, 29, 34, 39, 44, 51, 55
3, 10, 17, 22, 29, 34, 39, 46, 41, 36, 55
3, 10, 17, 22, 29, 34, 39, 46, 41, 48, 55
3, 10, 17, 22, 29, 34, 39, 46, 51, 55
3, 10, 17, 22, 29, 34, 39, 46, 53, 55
3, 10, 17, 22, 29, 34, 41, 36, 55
3, 10, 17, 22, 29, 34, 41, 46, 51, 55
3, 10, 17, 22, 29, 34, 41, 46, 53, 55
3, 10, 17, 22, 29, 34, 41, 48, 55
3, 10, 17, 22, 29, 36, 55
3, 10, 17, 24, 55
4, 9, 14, 7, 55
4, 9, 14, 19, 55
4, 9, 14, 21, 16, 11
4, 9, 14, 21, 16, 11, 6, 55
4, 9, 14, 21, 16, 11, 18, 55
4, 9, 14, 21, 16, 23, 18, 55
4, 9, 14, 21, 16, 23, 28, 33, 26, 31, 55
4, 9, 14, 21, 16, 23, 28, 33, 38, 31, 55
4, 9, 14, 21, 16, 23, 28, 33, 38, 43, 55
4, 9, 14, 21, 16, 23, 28, 33, 38, 45, 40, 35, 30, 55
4, 9, 14, 21, 16, 23, 28, 33, 38, 45, 40, 35, 42, 55
4, 9, 14, 21, 16, 23, 28, 33, 38, 45, 40, 47, 42, 55
4, 9, 14, 21, 16, 23, 28, 33, 38, 45, 40, 47, 52, 55
4, 9, 14, 21, 16, 23, 28, 33, 38, 45, 40, 47, 54, 55
4, 9, 14, 21, 16, 23, 28, 33, 38, 45, 50, 55
4, 9, 14, 21, 16, 23, 28, 33, 38, 45, 52, 55
4, 9, 14, 21, 16, 23, 28, 33, 40, 35, 30, 55
4, 9, 14, 21, 16, 23, 28, 33, 40, 35, 42, 55
4, 9, 14, 21, 16, 23, 28, 33, 40, 45, 50, 55
4, 9, 14, 21, 16, 23, 28, 33, 40, 45, 52, 55
4, 9, 14, 21, 16, 23, 28, 33, 40, 47, 42, 55
4, 9, 14, 21, 16, 23, 28, 33, 40, 47, 52, 55
4, 9, 14, 21, 16, 23, 28, 33, 40, 47, 54, 55
4, 9, 14, 21, 16, 23, 28, 35, 30, 55
4, 9, 14, 21, 16, 23, 28, 35, 40, 45, 38, 31, 55
4, 9, 14, 21, 16, 23, 28, 35, 40, 45, 38, 43, 55
4, 9, 14, 21, 16, 23, 28, 35, 40, 45, 50, 55
4, 9, 14, 21, 16, 23, 28, 35, 40, 45, 52, 55
4, 9, 14, 21, 16, 23, 28, 35, 40, 47, 42, 55
4, 9, 14, 21, 16, 23, 28, 35, 40, 47, 52, 55
4, 9, 14, 21, 16, 23, 28, 35, 40, 47, 54, 55
4, 9, 14, 21, 16, 23, 28, 35, 42, 55
4, 9, 14, 21, 16, 23, 30, 55
4, 9, 14, 21, 26, 31, 55
4, 9, 14, 21, 26, 33, 28, 23, 18, 55
4, 9, 14, 21, 26, 33, 28, 23, 30, 55
4, 9, 14, 21, 26, 33, 28, 35, 30, 55
4, 9, 14, 21, 26, 33, 28, 35, 40, 45, 38, 43, 55
4, 9, 14, 21, 26, 33, 28, 35, 40, 45, 50, 55
4, 9, 14, 21, 26, 33, 28, 35, 40, 45, 52, 55
4, 9, 14, 21, 26, 33, 28, 35, 40, 47, 42, 55
4, 9, 14, 21, 26, 33, 28, 35, 40, 47, 52, 55
4, 9, 14, 21, 26, 33, 28, 35, 40, 47, 54, 55
4, 9, 14, 21, 26, 33, 28, 35, 42, 55
4, 9, 14, 21, 26, 33, 38, 43, 55
4, 9, 14, 21, 26, 33, 38, 45, 40, 35, 30, 55
4, 9, 14, 21, 26, 33, 38, 45, 40, 35, 42, 55
4, 9, 14, 21, 26, 33, 38, 45, 40, 47, 42, 55
4, 9, 14, 21, 26, 33, 38, 45, 40, 47, 52, 55
4, 9, 14, 21, 26, 33, 38, 45, 40, 47, 54, 55
4, 9, 14, 21, 26, 33, 38, 45, 50, 55
4, 9, 14, 21, 26, 33, 38, 45, 52, 55
4, 9, 14, 21, 26, 33, 40, 35, 30, 55
4, 9, 14, 21, 26, 33, 40, 35, 42, 55
4, 9, 14, 21, 26, 33, 40, 45, 50, 55
4, 9, 14, 21, 26, 33, 40, 45, 52, 55
4, 9, 14, 21, 26, 33, 40, 47, 42, 55
4, 9, 14, 21, 26, 33, 40, 47, 52, 55
4, 9, 14, 21, 26, 33, 40, 47, 54, 55
4, 9, 14, 21, 28, 23, 18, 55
4, 9, 14, 21, 28, 23, 30, 55
4, 9, 14, 21, 28, 33, 38, 31, 55
4, 9, 14, 21, 28, 33, 38, 43, 55
4, 9, 14, 21, 28, 33, 38, 45, 40, 35, 30, 55
4, 9, 14, 21, 28, 33, 38, 45, 40, 35, 42, 55
4, 9, 14, 21, 28, 33, 38, 45, 40, 47, 42, 55
4, 9, 14, 21, 28, 33, 38, 45, 40, 47, 52, 55
4, 9, 14, 21, 28, 33, 38, 45, 40, 47, 54, 55
4, 9, 14, 21, 28, 33, 38, 45, 50, 55
4, 9, 14, 21, 28, 33, 38, 45, 52, 55
4, 9, 14, 21, 28, 33, 40, 35, 30, 55
4, 9, 14, 21, 28, 33, 40, 35, 42, 55
4, 9, 14, 21, 28, 33, 40, 45, 50, 55
4, 9, 14, 21, 28, 33, 40, 45, 52, 55
4, 9, 14, 21, 28, 33, 40, 47, 42, 55
4, 9, 14, 21, 28, 33, 40, 47, 52, 55
4, 9, 14, 21, 28, 33, 40, 47, 54, 55
4, 9, 14, 21, 28, 35, 30, 55
4, 9, 14, 21, 28, 35, 40, 45, 38, 31, 55
4, 9, 14, 21, 28, 35, 40, 45, 38, 43, 55
4, 9, 14, 21, 28, 35, 40, 45, 50, 55
4, 9, 14, 21, 28, 35, 40, 45, 52, 55
4, 9, 14, 21, 28, 35, 40, 47, 42, 55
4, 9, 14, 21, 28, 35, 40, 47, 52, 55
4, 9, 14, 21, 28, 35, 40, 47, 54, 55
4, 9, 14, 21, 28, 35, 42, 55
4, 9, 16, 11
4, 9, 16, 11, 6, 55
4, 9, 16, 11, 18, 55
4, 9, 16, 21, 26, 19, 55
4, 9, 16, 21, 26, 31, 55
4, 9, 16, 21, 26, 33, 28, 23, 18, 55
4, 9, 16, 21, 26, 33, 28, 23, 30, 55
4, 9, 16, 21, 26, 33, 28, 35, 30, 55
4, 9, 16, 21, 26, 33, 28, 35, 40, 45, 38, 43, 55
4, 9, 16, 21, 26, 33, 28, 35, 40, 45, 50, 55
4, 9, 16, 21, 26, 33, 28, 35, 40, 45, 52, 55
4, 9, 16, 21, 26, 33, 28, 35, 40, 47, 42, 55
4, 9, 16, 21, 26, 33, 28, 35, 40, 47, 52, 55
4, 9, 16, 21, 26, 33, 28, 35, 40, 47, 54, 55
4, 9, 16, 21, 26, 33, 28, 35, 42, 55
4, 9, 16, 21, 26, 33, 38, 43, 55
4, 9, 16, 21, 26, 33, 38, 45, 40, 35, 30, 55
4, 9, 16, 21, 26, 33, 38, 45, 40, 35, 42, 55
4, 9, 16, 21, 26, 33, 38, 45, 40, 47, 42, 55
4, 9, 16, 21, 26, 33, 38, 45, 40, 47, 52, 55
4, 9, 16, 21, 26, 33, 38, 45, 40, 47, 54, 55
4, 9, 16, 21, 26, 33, 38, 45, 50, 55
4, 9, 16, 21, 26, 33, 38, 45, 52, 55
4, 9, 16, 21, 26, 33, 40, 35, 30, 55
4, 9, 16, 21, 26, 33, 40, 35, 42, 55
4, 9, 16, 21, 26, 33, 40, 45, 50, 55
4, 9, 16, 21, 26, 33, 40, 45, 52, 55
4, 9, 16, 21, 26, 33, 40, 47, 42, 55
4, 9, 16, 21, 26, 33, 40, 47, 52, 55
4, 9, 16, 21, 26, 33, 40, 47, 54, 55
4, 9, 16, 21, 28, 23, 18, 55
4, 9, 16, 21, 28, 23, 30, 55
4, 9, 16, 21, 28, 33, 38, 31, 55
4, 9, 16, 21, 28, 33, 38, 43, 55
4, 9, 16, 21, 28, 33, 38, 45, 40, 35, 30, 55
4, 9, 16, 21, 28, 33, 38, 45, 40, 35, 42, 55
4, 9, 16, 21, 28, 33, 38, 45, 40, 47, 42, 55
4, 9, 16, 21, 28, 33, 38, 45, 40, 47, 52, 55
4, 9, 16, 21, 28, 33, 38, 45, 40, 47, 54, 55
4, 9, 16, 21, 28, 33, 38, 45, 50, 55
4, 9, 16, 21, 28, 33, 38, 45, 52, 55
4, 9, 16, 21, 28, 33, 40, 35, 30, 55
4, 9, 16, 21, 28, 33, 40, 35, 42, 55
4, 9, 16, 21, 28, 33, 40, 45, 50, 55
4, 9, 16, 21, 28, 33, 40, 45, 52, 55
4, 9, 16, 21, 28, 33, 40, 47, 42, 55
4, 9, 16, 21, 28, 33, 40, 47, 52, 55
4, 9, 16, 21, 28, 33, 40, 47, 54, 55
4, 9, 16, 21, 28, 35, 30, 55
4, 9, 16, 21, 28, 35, 40, 45, 38, 31, 55
4, 9, 16, 21, 28, 35, 40, 45, 38, 43, 55
4, 9, 16, 21, 28, 35, 40, 45, 50, 55
4, 9, 16, 21, 28, 35, 40, 45, 52, 55
4, 9, 16, 21, 28, 35, 40, 47, 42, 55
4, 9, 16, 21, 28, 35, 40, 47, 52, 55
4, 9, 16, 21, 28, 35, 40, 47, 54, 55
4, 9, 16, 21, 28, 35, 42, 55
4, 9, 16, 23, 18, 55
4, 9, 16, 23, 28, 33, 26, 19, 55
4, 9, 16, 23, 28, 33, 26, 31, 55
4, 9, 16, 23, 28, 33, 38, 31, 55
4, 9, 16, 23, 28, 33, 38, 43, 55
4, 9, 16, 23, 28, 33, 38, 45, 40, 35, 30, 55
4, 9, 16, 23, 28, 33, 38, 45, 40, 35, 42, 55
4, 9, 16, 23, 28, 33, 38, 45, 40, 47, 42, 55
4, 9, 16, 23, 28, 33, 38, 45, 40, 47, 52, 55
4, 9, 16, 23, 28, 33, 38, 45, 40, 47, 54, 55
4, 9, 16, 23, 28, 33, 38, 45, 50, 55
4, 9, 16, 23, 28, 33, 38, 45, 52, 55
4, 9, 16, 23, 28, 33, 40, 35, 30, 55
4, 9, 16, 23, 28, 33, 40, 35, 42, 55
4, 9, 16, 23, 28, 33, 40, 45, 50, 55
4, 9, 16, 23, 28, 33, 40, 45, 52, 55
4, 9, 16, 23, 28, 33, 40, 47, 42, 55
4, 9, 16, 23, 28, 33, 40, 47, 52, 55
4, 9, 16, 23, 28, 33, 40, 47, 54, 55
4, 9, 16, 23, 28, 35, 30, 55
4, 9, 16, 23, 28, 35, 40, 45, 38, 31, 55
4, 9, 16, 23, 28, 35, 40, 45, 38, 43, 55
4, 9, 16, 23, 28, 35, 40, 45, 50, 55
4, 9, 16, 23, 28, 35, 40, 45, 52, 55
4, 9, 16, 23, 28, 35, 40, 47, 42, 55
4, 9, 16, 23, 28, 35, 40, 47, 52, 55
4, 9, 16, 23, 28, 35, 40, 47, 54, 55
4, 9, 16, 23, 28, 35, 42, 55
4, 9, 16, 23, 30, 55
4, 11, 6, 55
4, 11, 16, 21, 14, 7, 55
4, 11, 16, 21, 14, 19, 55
4, 11, 16, 21, 26, 19, 55
4, 11, 16, 21, 26, 31, 55
4, 11, 16, 21, 26, 33, 28, 23, 18, 55
4, 11, 16, 21, 26, 33, 28, 23, 30, 55
4, 11, 16, 21, 26, 33, 28, 35, 30, 55
4, 11, 16, 21, 26, 33, 28, 35, 40, 45, 38, 43, 55
4, 11, 16, 21, 26, 33, 28, 35, 40, 45, 50, 55
4, 11, 16, 21, 26, 33, 28, 35, 40, 45, 52, 55
4, 11, 16, 21, 26, 33, 28, 35, 40, 47, 42, 55
4, 11, 16, 21, 26, 33, 28, 35, 40, 47, 52, 55
4, 11, 16, 21, 26, 33, 28, 35, 40, 47, 54, 55
4, 11, 16, 21, 26, 33, 28, 35, 42, 55
4, 11, 16, 21, 26, 33, 38, 43, 55
4, 11, 16, 21, 26, 33, 38, 45, 40, 35, 30, 55
4, 11, 16, 21, 26, 33, 38, 45, 40, 35, 42, 55
4, 11, 16, 21, 26, 33, 38, 45, 40, 47, 42, 55
4, 11, 16, 21, 26, 33, 38, 45, 40, 47, 52, 55
4, 11, 16, 21, 26, 33, 38, 45, 40, 47, 54, 55
4, 11, 16, 21, 26, 33, 38, 45, 50, 55
4, 11, 16, 21, 26, 33, 38, 45, 52, 55
4, 11, 16, 21, 26, 33, 40, 35, 30, 55
4, 11, 16, 21, 26, 33, 40, 35, 42, 55
4, 11, 16, 21, 26, 33, 40, 45, 50, 55
4, 11, 16, 21, 26, 33, 40, 45, 52, 55
4, 11, 16, 21, 26, 33, 40, 47, 42, 55
4, 11, 16, 21, 26, 33, 40, 47, 52, 55
4, 11, 16, 21, 26, 33, 40, 47, 54, 55
4, 11, 16, 21, 28, 23, 18, 55
4, 11, 16, 21, 28, 23, 30, 55
4, 11, 16, 21, 28, 33, 38, 31, 55
4, 11, 16, 21, 28, 33, 38, 43, 55
4, 11, 16, 21, 28, 33, 38, 45, 40, 35, 30, 55
4, 11, 16, 21, 28, 33, 38, 45, 40, 35, 42, 55
4, 11, 16, 21, 28, 33, 38, 45, 40, 47, 42, 55
4, 11, 16, 21, 28, 33, 38, 45, 40, 47, 52, 55
4, 11, 16, 21, 28, 33, 38, 45, 40, 47, 54, 55
4, 11, 16, 21, 28, 33, 38, 45, 50, 55
4, 11, 16, 21, 28, 33, 38, 45, 52, 55
4, 11, 16, 21, 28, 33, 40, 35, 30, 55
4, 11, 16, 21, 28, 33, 40, 35, 42, 55
4, 11, 16, 21, 28, 33, 40, 45, 50, 55
4, 11, 16, 21, 28, 33, 40, 45, 52, 55
4, 11, 16, 21, 28, 33, 40, 47, 42, 55
4, 11, 16, 21, 28, 33, 40, 47, 52, 55
4, 11, 16, 21, 28, 33, 40, 47, 54, 55
4, 11, 16, 21, 28, 35, 30, 55
4, 11, 16, 21, 28, 35, 40, 45, 38, 31, 55
4, 11, 16, 21, 28, 35, 40, 45, 38, 43, 55
4, 11, 16, 21, 28, 35, 40, 45, 50, 55
4, 11, 16, 21, 28, 35, 40, 45, 52, 55
4, 11, 16, 21, 28, 35, 40, 47, 42, 55
4, 11, 16, 21, 28, 35, 40, 47, 52, 55
4, 11, 16, 21, 28, 35, 40, 47, 54, 55
4, 11, 16, 21, 28, 35, 42, 55
4, 11, 16, 23, 18, 55
4, 11, 16, 23, 28, 33, 26, 19, 55
4, 11, 16, 23, 28, 33, 26, 31, 55
4, 11, 16, 23, 28, 33, 38, 31, 55
4, 11, 16, 23, 28, 33, 38, 43, 55
4, 11, 16, 23, 28, 33, 38, 45, 40, 35, 30, 55
4, 11, 16, 23, 28, 33, 38, 45, 40, 35, 42, 55
4, 11, 16, 23, 28, 33, 38, 45, 40, 47, 42, 55
4, 11, 16, 23, 28, 33, 38, 45, 40, 47, 52, 55
4, 11, 16, 23, 28, 33, 38, 45, 40, 47, 54, 55
4, 11, 16, 23, 28, 33, 38, 45, 50, 55
4, 11, 16, 23, 28, 33, 38, 45, 52, 55
4, 11, 16, 23, 28, 33, 40, 35, 30, 55
4, 11, 16, 23, 28, 33, 40, 35, 42, 55
4, 11, 16, 23, 28, 33, 40, 45, 50, 55
4, 11, 16, 23, 28, 33, 40, 45, 52, 55
4, 11, 16, 23, 28, 33, 40, 47, 42, 55
4, 11, 16, 23, 28, 33, 40, 47, 52, 55
4, 11, 16, 23, 28, 33, 40, 47, 54, 55
4, 11, 16, 23, 28, 35, 30, 55
4, 11, 16, 23, 28, 35, 40, 45, 38, 31, 55
4, 11, 16, 23, 28, 35, 40, 45, 38, 43, 55
4, 11, 16, 23, 28, 35, 40, 45, 50, 55
4, 11, 16, 23, 28, 35, 40, 45, 52, 55
4, 11, 16, 23, 28, 35, 40, 47, 42, 55
4, 11, 16, 23, 28, 35, 40, 47, 52, 55
4, 11, 16, 23, 28, 35, 40, 47, 54, 55
4, 11, 16, 23, 28, 35, 42, 55
4, 11, 16, 23, 30, 55
4, 11, 18, 55
5, 10, 15, 8, 13, 55
5, 10, 15, 20, 13, 55
5, 10, 15, 20, 25, 55
5, 10, 15, 20, 27, 22, 17, 12
5, 10, 15, 20, 27, 22, 17, 12, 55
5, 10, 15, 20, 27, 22, 17, 24, 55
5, 10, 15, 20, 27, 22, 29, 24, 55
5, 10, 15, 20, 27, 22, 29, 34, 39, 32, 37, 55
5, 10, 15, 20, 27, 22, 29, 34, 39, 44, 37, 55
5, 10, 15, 20, 27, 22, 29, 34, 39, 44, 49, 55
5, 10, 15, 20, 27, 22, 29, 34, 39, 44, 51, 55
5, 10, 15, 20, 27, 22, 29, 34, 39, 46, 41, 36, 55
5, 10, 15, 20, 27, 22, 29, 34, 39, 46, 41, 48, 55
5, 10, 15, 20, 27, 22, 29, 34, 39, 46, 51, 55
5, 10, 15, 20, 27, 22, 29, 34, 39, 46, 53, 55
5, 10, 15, 20, 27, 22, 29, 34, 41, 36, 55
5, 10, 15, 20, 27, 22, 29, 34, 41, 46, 51, 55
5, 10, 15, 20, 27, 22, 29, 34, 41, 46, 53, 55
5, 10, 15, 20, 27, 22, 29, 34, 41, 48, 55
5, 10, 15, 20, 27, 22, 29, 36, 55
5, 10, 15, 20, 27, 32, 37, 55
5, 10, 15, 20, 27, 32, 39, 34, 29, 24, 55
5, 10, 15, 20, 27, 32, 39, 34, 29, 36, 55
5, 10, 15, 20, 27, 32, 39, 34, 41, 36, 55
5, 10, 15, 20, 27, 32, 39, 34, 41, 46, 51, 55
5, 10, 15, 20, 27, 32, 39, 34, 41, 46, 53, 55
5, 10, 15, 20, 27, 32, 39, 34, 41, 48, 55
5, 10, 15, 20, 27, 32, 39, 44, 49, 55
5, 10, 15, 20, 27, 32, 39, 44, 51, 55
5, 10, 15, 20, 27, 32, 39, 46, 41, 36, 55
5, 10, 15, 20, 27, 32, 39, 46, 41, 48, 55
5, 10, 15, 20, 27, 32, 39, 46, 51, 55
5, 10, 15, 20, 27, 32, 39, 46, 53, 55
5, 10, 15, 20, 27, 34, 29, 24, 55
5, 10, 15, 20, 27, 34, 29, 36, 55
5, 10, 15, 20, 27, 34, 39, 44, 37, 55
5, 10, 15, 20, 27, 34, 39, 44, 49, 55
5, 10, 15, 20, 27, 34, 39, 44, 51, 55
5, 10, 15, 20, 27, 34, 39, 46, 41, 36, 55
5, 10, 15, 20, 27, 34, 39, 46, 41, 48, 55
5, 10, 15, 20, 27, 34, 39, 46, 51, 55
5, 10, 15, 20, 27, 34, 39, 46, 53, 55
5, 10, 15, 20, 27, 34, 41, 36, 55
5, 10, 15, 20, 27, 34, 41, 46, 51, 55
5, 10, 15, 20, 27, 34, 41, 46, 53, 55
5, 10, 15, 20, 27, 34, 41, 48, 55
5, 10, 15, 22, 17, 12
5, 10, 15, 22, 17, 12, 55
5, 10, 15, 22, 17, 24, 55
5, 10, 15, 22, 27, 32, 25, 55
5, 10, 15, 22, 27, 32, 37, 55
5, 10, 15, 22, 27, 32, 39, 34, 29, 24, 55
5, 10, 15, 22, 27, 32, 39, 34, 29, 36, 55
5, 10, 15, 22, 27, 32, 39, 34, 41, 36, 55
5, 10, 15, 22, 27, 32, 39, 34, 41, 46, 51, 55
5, 10, 15, 22, 27, 32, 39, 34, 41, 46, 53, 55
5, 10, 15, 22, 27, 32, 39, 34, 41, 48, 55
5, 10, 15, 22, 27, 32, 39, 44, 49, 55
5, 10, 15, 22, 27, 32, 39, 44, 51, 55
5, 10, 15, 22, 27, 32, 39, 46, 41, 36, 55
5, 10, 15, 22, 27, 32, 39, 46, 41, 48, 55
5, 10, 15, 22, 27, 32, 39, 46, 51, 55
5, 10, 15, 22, 27, 32, 39, 46, 53, 55
5, 10, 15, 22, 27, 34, 29, 24, 55
5, 10, 15, 22, 27, 34, 29, 36, 55
5, 10, 15, 22, 27, 34, 39, 44, 37, 55
5, 10, 15, 22, 27, 34, 39, 44, 49, 55
5, 10, 15, 22, 27, 34, 39, 44, 51, 55
5, 10, 15, 22, 27, 34, 39, 46, 41, 36, 55
5, 10, 15, 22, 27, 34, 39, 46, 41, 48, 55
5, 10, 15, 22, 27, 34, 39, 46, 51, 55
5, 10, 15, 22, 27, 34, 39, 46, 53, 55
5, 10, 15, 22, 27, 34, 41, 36, 55
5, 10, 15, 22, 27, 34, 41, 46, 51, 55
5, 10, 15, 22, 27, 34, 41, 46, 53, 55
5, 10, 15, 22, 27, 34, 41, 48, 55
5, 10, 15, 22, 29, 24, 55
5, 10, 15, 22, 29, 34, 39, 32, 25, 55
5, 10, 15, 22, 29, 34, 39, 32, 37, 55
5, 10, 15, 22, 29, 34, 39, 44, 37, 55
5, 10, 15, 22, 29, 34, 39, 44, 49, 55
5, 10, 15, 22, 29, 34, 39, 44, 51, 55
5, 10, 15, 22, 29, 34, 39, 46, 41, 36, 55
5, 10, 15, 22, 29, 34, 39, 46, 41, 48, 55
5, 10, 15, 22, 29, 34, 39, 46, 51, 55
5, 10, 15, 22, 29, 34, 39, 46, 53, 55
5, 10, 15, 22, 29, 34, 41, 36, 55
5, 10, 15, 22, 29, 34, 41, 46, 51, 55
5, 10, 15, 22, 29, 34, 41, 46, 53, 55
5, 10, 15, 22, 29, 34, 41, 48, 55
5, 10, 15, 22, 29, 36, 55
5, 10, 17, 12
5, 10, 17, 12, 55
5, 10, 17, 22, 27, 20, 13, 55
5, 10, 17, 22, 27, 20, 25, 55
5, 10, 17, 22, 27, 32, 25, 55
5, 10, 17, 22, 27, 32, 37, 55
5, 10, 17, 22, 27, 32, 39, 34, 29, 24, 55
5, 10, 17, 22, 27, 32, 39, 34, 29, 36, 55
5, 10, 17, 22, 27, 32, 39, 34, 41, 36, 55
5, 10, 17, 22, 27, 32, 39, 34, 41, 46, 51, 55
5, 10, 17, 22, 27, 32, 39, 34, 41, 46, 53, 55
5, 10, 17, 22, 27, 32, 39, 34, 41, 48, 55
5, 10, 17, 22, 27, 32, 39, 44, 49, 55
5, 10, 17, 22, 27, 32, 39, 44, 51, 55
5, 10, 17, 22, 27, 32, 39, 46, 41, 36, 55
5, 10, 17, 22, 27, 32, 39, 46, 41, 48, 55
5, 10, 17, 22, 27, 32, 39, 46, 51, 55
5, 10, 17, 22, 27, 32, 39, 46, 53, 55
5, 10, 17, 22, 27, 34, 29, 24, 55
5, 10, 17, 22, 27, 34, 29, 36, 55
5, 10, 17, 22, 27, 34, 39, 44, 37, 55
5, 10, 17, 22, 27, 34, 39, 44, 49, 55
5, 10, 17, 22, 27, 34, 39, 44, 51, 55
5, 10, 17, 22, 27, 34, 39, 46, 41, 36, 55
5, 10, 17, 22, 27, 34, 39, 46, 41, 48, 55
5, 10, 17, 22, 27, 34, 39, 46, 51, 55
5, 10, 17, 22, 27, 34, 39, 46, 53, 55
5, 10, 17, 22, 27, 34, 41, 36, 55
5, 10, 17, 22, 27, 34, 41, 46, 51, 55
5, 10, 17, 22, 27, 34, 41, 46, 53, 55
5, 10, 17, 22, 27, 34, 41, 48, 55
5, 10, 17, 22, 29, 24, 55
5, 10, 17, 22, 29, 34, 39, 32, 25, 55
5, 10, 17, 22, 29, 34, 39, 32, 37, 55
5, 10, 17, 22, 29, 34, 39, 44, 37, 55
5, 10, 17, 22, 29, 34, 39, 44, 49, 55
5, 10, 17, 22, 29, 34, 39, 44, 51, 55
5, 10, 17, 22, 29, 34, 39, 46, 41, 36, 55
5, 10, 17, 22, 29, 34, 39, 46, 41, 48, 55
5, 10, 17, 22, 29, 34, 39, 46, 51, 55
5, 10, 17, 22, 29, 34, 39, 46, 53, 55
5, 10, 17, 22, 29, 34, 41, 36, 55
5, 10, 17, 22, 29, 34, 41, 46, 51, 55
5, 10, 17, 22, 29, 34, 41, 46, 53, 55
5, 10, 17, 22, 29, 34, 41, 48, 55
5, 10, 17, 22, 29, 36, 55
5, 10, 17, 24, 55
5, 12, 55
6, 11, 16, 9, 14, 7, 55
6, 11, 16, 9, 14, 19, 55
6, 11, 16, 9, 14, 21, 26, 31, 55
6, 11, 16, 9, 14, 21, 26, 33, 28, 23, 18, 55
6, 11, 16, 9, 14, 21, 26, 33, 28, 23, 30, 55
6, 11, 16, 9, 14, 21, 26, 33, 28, 35, 30, 55
6, 11, 16, 9, 14, 21, 26, 33, 28, 35, 40, 45, 38, 43, 55
6, 11, 16, 9, 14, 21, 26, 33, 28, 35, 40, 45, 50, 55
6, 11, 16, 9, 14, 21, 26, 33, 28, 35, 40, 45, 52, 55
6, 11, 16, 9, 14, 21, 26, 33, 28, 35, 40, 47, 42, 55
6, 11, 16, 9, 14, 21, 26, 33, 28, 35, 40, 47, 52, 55
6, 11, 16, 9, 14, 21, 26, 33, 28, 35, 40, 47, 54, 55
6, 11, 16, 9, 14, 21, 26, 33, 28, 35, 42, 55
6, 11, 16, 9, 14, 21, 26, 33, 38, 43, 55
6, 11, 16, 9, 14, 21, 26, 33, 38, 45, 40, 35, 30, 55
6, 11, 16, 9, 14, 21, 26, 33, 38, 45, 40, 35, 42, 55
6, 11, 16, 9, 14, 21, 26, 33, 38, 45, 40, 47, 42, 55
6, 11, 16, 9, 14, 21, 26, 33, 38, 45, 40, 47, 52, 55
6, 11, 16, 9, 14, 21, 26, 33, 38, 45, 40, 47, 54, 55
6, 11, 16, 9, 14, 21, 26, 33, 38, 45, 50, 55
6, 11, 16, 9, 14, 21, 26, 33, 38, 45, 52, 55
6, 11, 16, 9, 14, 21, 26, 33, 40, 35, 30, 55
6, 11, 16, 9, 14, 21, 26, 33, 40, 35, 42, 55
6, 11, 16, 9, 14, 21, 26, 33, 40, 45, 50, 55
6, 11, 16, 9, 14, 21, 26, 33, 40, 45, 52, 55
6, 11, 16, 9, 14, 21, 26, 33, 40, 47, 42, 55
6, 11, 16, 9, 14, 21, 26, 33, 40, 47, 52, 55
6, 11, 16, 9, 14, 21, 26, 33, 40, 47, 54, 55
6, 11, 16, 9, 14, 21, 28, 23, 18, 55
6, 11, 16, 9, 14, 21, 28, 23, 30, 55
6, 11, 16, 9, 14, 21, 28, 33, 38, 31, 55
6, 11, 16, 9, 14, 21, 28, 33, 38, 43, 55
6, 11, 16, 9, 14, 21, 28, 33, 38, 45, 40, 35, 30, 55
6, 11, 16, 9, 14, 21, 28, 33, 38, 45, 40, 35, 42, 55
6, 11, 16, 9, 14, 21, 28, 33, 38, 45, 40, 47, 42, 55
6, 11, 16, 9, 14, 21, 28, 33, 38, 45, 40, 47, 52, 55
6, 11, 16, 9, 14, 21, 28, 33, 38, 45, 40, 47, 54, 55
6, 11, 16, 9, 14, 21, 28, 33, 38, 45, 50, 55
6, 11, 16, 9, 14, 21, 28, 33, 38, 45, 52, 55
6, 11, 16, 9, 14, 21, 28, 33, 40, 35, 30, 55
6, 11, 16, 9, 14, 21, 28, 33, 40, 35, 42, 55
6, 11, 16, 9, 14, 21, 28, 33, 40, 45, 50, 55
6, 11, 16, 9, 14, 21, 28, 33, 40, 45, 52, 55
6, 11, 16, 9, 14, 21, 28, 33, 40, 47, 42, 55
6, 11, 16, 9, 14, 21, 28, 33, 40, 47, 52, 55
6, 11, 16, 9, 14, 21, 28, 33, 40, 47, 54, 55
6, 11, 16, 9, 14, 21, 28, 35, 30, 55
6, 11, 16, 9, 14, 21, 28, 35, 40, 45, 38, 31, 55
6, 11, 16, 9, 14, 21, 28, 35, 40, 45, 38, 43, 55
6, 11, 16, 9, 14, 21, 28, 35, 40, 45, 50, 55
6, 11, 16, 9, 14, 21, 28, 35, 40, 45, 52, 55
6, 11, 16, 9, 14, 21, 28, 35, 40, 47, 42, 55
6, 11, 16, 9, 14, 21, 28, 35, 40, 47, 52, 55
6, 11, 16, 9, 14, 21, 28, 35, 40, 47, 54, 55
6, 11, 16, 9, 14, 21, 28, 35, 42, 55
6, 11, 16, 21, 14, 7, 55
6, 11, 16, 21, 14, 19, 55
6, 11, 16, 21, 26, 19, 55
6, 11, 16, 21, 26, 31, 55
6, 11, 16, 21, 26, 33, 28, 23, 18, 55
6, 11, 16, 21, 26, 33, 28, 23, 30, 55
6, 11, 16, 21, 26, 33, 28, 35, 30, 55
6, 11, 16, 21, 26, 33, 28, 35, 40, 45, 38, 43, 55
6, 11, 16, 21, 26, 33, 28, 35, 40, 45, 50, 55
6, 11, 16, 21, 26, 33, 28, 35, 40, 45, 52, 55
6, 11, 16, 21, 26, 33, 28, 35, 40, 47, 42, 55
6, 11, 16, 21, 26, 33, 28, 35, 40, 47, 52, 55
6, 11, 16, 21, 26, 33, 28, 35, 40, 47, 54, 55
6, 11, 16, 21, 26, 33, 28, 35, 42, 55
6, 11, 16, 21, 26, 33, 38, 43, 55
6, 11, 16, 21, 26, 33, 38, 45, 40, 35, 30, 55
6, 11, 16, 21, 26, 33, 38, 45, 40, 35, 42, 55
6, 11, 16, 21, 26, 33, 38, 45, 40, 47, 42, 55
6, 11, 16, 21, 26, 33, 38, 45, 40, 47, 52, 55
6, 11, 16, 21, 26, 33, 38, 45, 40, 47, 54, 55
6, 11, 16, 21, 26, 33, 38, 45, 50, 55
6, 11, 16, 21, 26, 33, 38, 45, 52, 55
6, 11, 16, 21, 26, 33, 40, 35, 30, 55
6, 11, 16, 21, 26, 33, 40, 35, 42, 55
6, 11, 16, 21, 26, 33, 40, 45, 50, 55
6, 11, 16, 21, 26, 33, 40, 45, 52, 55
6, 11, 16, 21, 26, 33, 40, 47, 42, 55
6, 11, 16, 21, 26, 33, 40, 47, 52, 55
6, 11, 16, 21, 26, 33, 40, 47, 54, 55
6, 11, 16, 21, 28, 23, 18, 55
6, 11, 16, 21, 28, 23, 30, 55
6, 11, 16, 21, 28, 33, 38, 31, 55
6, 11, 16, 21, 28, 33, 38, 43, 55
6, 11, 16, 21, 28, 33, 38, 45, 40, 35, 30, 55
6, 11, 16, 21, 28, 33, 38, 45, 40, 35, 42, 55
6, 11, 16, 21, 28, 33, 38, 45, 40, 47, 42, 55
6, 11, 16, 21, 28, 33, 38, 45, 40, 47, 52, 55
6, 11, 16, 21, 28, 33, 38, 45, 40, 47, 54, 55
6, 11, 16, 21, 28, 33, 38, 45, 50, 55
6, 11, 16, 21, 28, 33, 38, 45, 52, 55
6, 11, 16, 21, 28, 33, 40, 35, 30, 55
6, 11, 16, 21, 28, 33, 40, 35, 42, 55
6, 11, 16, 21, 28, 33, 40, 45, 50, 55
6, 11, 16, 21, 28, 33, 40, 45, 52, 55
6, 11, 16, 21, 28, 33, 40, 47, 42, 55
6, 11, 16, 21, 28, 33, 40, 47, 52, 55
6, 11, 16, 21, 28, 33, 40, 47, 54, 55
6, 11, 16, 21, 28, 35, 30, 55
6, 11, 16, 21, 28, 35, 40, 45, 38, 31, 55
6, 11, 16, 21, 28, 35, 40, 45, 38, 43, 55
6, 11, 16, 21, 28, 35, 40, 45, 50, 55
6, 11, 16, 21, 28, 35, 40, 45, 52, 55
6, 11, 16, 21, 28, 35, 40, 47, 42, 55
6, 11, 16, 21, 28, 35, 40, 47, 52, 55
6, 11, 16, 21, 28, 35, 40, 47, 54, 55
6, 11, 16, 21, 28, 35, 42, 55
6, 11, 16, 23, 18, 55
6, 11, 16, 23, 28, 33, 26, 19, 55
6, 11, 16, 23, 28, 33, 26, 31, 55
6, 11, 16, 23, 28, 33, 38, 31, 55
6, 11, 16, 23, 28, 33, 38, 43, 55
6, 11, 16, 23, 28, 33, 38, 45, 40, 35, 30, 55
6, 11, 16, 23, 28, 33, 38, 45, 40, 35, 42, 55
6, 11, 16, 23, 28, 33, 38, 45, 40, 47, 42, 55
6, 11, 16, 23, 28, 33, 38, 45, 40, 47, 52, 55
6, 11, 16, 23, 28, 33, 38, 45, 40, 47, 54, 55
6, 11, 16, 23, 28, 33, 38, 45, 50, 55
6, 11, 16, 23, 28, 33, 38, 45, 52, 55
6, 11, 16, 23, 28, 33, 40, 35, 30, 55
6, 11, 16, 23, 28, 33, 40, 35, 42, 55
6, 11, 16, 23, 28, 33, 40, 45, 50, 55
6, 11, 16, 23, 28, 33, 40, 45, 52, 55
6, 11, 16, 23, 28, 33, 40, 47, 42, 55
6, 11, 16, 23, 28, 33, 40, 47, 52, 55
6, 11, 16, 23, 28, 33, 40, 47, 54, 55
6, 11, 16, 23, 28, 35, 30, 55
6, 11, 16, 23, 28, 35, 40, 45, 38, 31, 55
6, 11, 16, 23, 28, 35, 40, 45, 38, 43, 55
6, 11, 16, 23, 28, 35, 40, 45, 50, 55
6, 11, 16, 23, 28, 35, 40, 45, 52, 55
6, 11, 16, 23, 28, 35, 40, 47, 42, 55
6, 11, 16, 23, 28, 35, 40, 47, 52, 55
6, 11, 16, 23, 28, 35, 40, 47, 54, 55
6, 11, 16, 23, 28, 35, 42, 55
6, 11, 16, 23, 30, 55
6, 11, 18, 55
7, 14, 9, 16, 11, 18, 55
7, 14, 9, 16, 21, 26, 19, 55
7, 14, 9, 16, 21, 26, 31, 55
7, 14, 9, 16, 21, 26, 33, 28, 23, 18, 55
7, 14, 9, 16, 21, 26, 33, 28, 23, 30, 55
7, 14, 9, 16, 21, 26, 33, 28, 35, 30, 55
7, 14, 9, 16, 21, 26, 33, 28, 35, 40, 45, 38, 43, 55
7, 14, 9, 16, 21, 26, 33, 28, 35, 40, 45, 50, 55
7, 14, 9, 16, 21, 26, 33, 28, 35, 40, 45, 52, 55
7, 14, 9, 16, 21, 26, 33, 28, 35, 40, 47, 42, 55
7, 14, 9, 16, 21, 26, 33, 28, 35, 40, 47, 52, 55
7, 14, 9, 16, 21, 26, 33, 28, 35, 40, 47, 54, 55
7, 14, 9, 16, 21, 26, 33, 28, 35, 42, 55
7, 14, 9, 16, 21, 26, 33, 38, 43, 55
7, 14, 9, 16, 21, 26, 33, 38, 45, 40, 35, 30, 55
7, 14, 9, 16, 21, 26, 33, 38, 45, 40, 35, 42, 55
7, 14, 9, 16, 21, 26, 33, 38, 45, 40, 47, 42, 55
7, 14, 9, 16, 21, 26, 33, 38, 45, 40, 47, 52, 55
7, 14, 9, 16, 21, 26, 33, 38, 45, 40, 47, 54, 55
7, 14, 9, 16, 21, 26, 33, 38, 45, 50, 55
7, 14, 9, 16, 21, 26, 33, 38, 45, 52, 55
7, 14, 9, 16, 21, 26, 33, 40, 35, 30, 55
7, 14, 9, 16, 21, 26, 33, 40, 35, 42, 55
7, 14, 9, 16, 21, 26, 33, 40, 45, 50, 55
7, 14, 9, 16, 21, 26, 33, 40, 45, 52, 55
7, 14, 9, 16, 21, 26, 33, 40, 47, 42, 55
7, 14, 9, 16, 21, 26, 33, 40, 47, 52, 55
7, 14, 9, 16, 21, 26, 33, 40, 47, 54, 55
7, 14, 9, 16, 21, 28, 23, 18, 55
7, 14, 9, 16, 21, 28, 23, 30, 55
7, 14, 9, 16, 21, 28, 33, 38, 31, 55
7, 14, 9, 16, 21, 28, 33, 38, 43, 55
7, 14, 9, 16, 21, 28, 33, 38, 45, 40, 35, 30, 55
7, 14, 9, 16, 21, 28, 33, 38, 45, 40, 35, 42, 55
7, 14, 9, 16, 21, 28, 33, 38, 45, 40, 47, 42, 55
7, 14, 9, 16, 21, 28, 33, 38, 45, 40, 47, 52, 55
7, 14, 9, 16, 21, 28, 33, 38, 45, 40, 47, 54, 55
7, 14, 9, 16, 21, 28, 33, 38, 45, 50, 55
7, 14, 9, 16, 21, 28, 33, 38, 45, 52, 55
7, 14, 9, 16, 21, 28, 33, 40, 35, 30, 55
7, 14, 9, 16, 21, 28, 33, 40, 35, 42, 55
7, 14, 9, 16, 21, 28, 33, 40, 45, 50, 55
7, 14, 9, 16, 21, 28, 33, 40, 45, 52, 55
7, 14, 9, 16, 21, 28, 33, 40, 47, 42, 55
7, 14, 9, 16, 21, 28, 33, 40, 47, 52, 55
7, 14, 9, 16, 21, 28, 33, 40, 47, 54, 55
7, 14, 9, 16, 21, 28, 35, 30, 55
7, 14, 9, 16, 21, 28, 35, 40, 45, 38, 31, 55
7, 14, 9, 16, 21, 28, 35, 40, 45, 38, 43, 55
7, 14, 9, 16, 21, 28, 35, 40, 45, 50, 55
7, 14, 9, 16, 21, 28, 35, 40, 45, 52, 55
7, 14, 9, 16, 21, 28, 35, 40, 47, 42, 55
7, 14, 9, 16, 21, 28, 35, 40, 47, 52, 55
7, 14, 9, 16, 21, 28, 35, 40, 47, 54, 55
7, 14, 9, 16, 21, 28, 35, 42, 55
7, 14, 9, 16, 23, 18, 55
7, 14, 9, 16, 23, 28, 33, 26, 19, 55
7, 14, 9, 16, 23, 28, 33, 26, 31, 55
7, 14, 9, 16, 23, 28, 33, 38, 31, 55
7, 14, 9, 16, 23, 28, 33, 38, 43, 55
7, 14, 9, 16, 23, 28, 33, 38, 45, 40, 35, 30, 55
7, 14, 9, 16, 23, 28, 33, 38, 45, 40, 35, 42, 55
7, 14, 9, 16, 23, 28, 33, 38, 45, 40, 47, 42, 55
7, 14, 9, 16, 23, 28, 33, 38, 45, 40, 47, 52, 55
7, 14, 9, 16, 23, 28, 33, 38, 45, 40, 47, 54, 55
7, 14, 9, 16, 23, 28, 33, 38, 45, 50, 55
7, 14, 9, 16, 23, 28, 33, 38, 45, 52, 55
7, 14, 9, 16, 23, 28, 33, 40, 35, 30, 55
7, 14, 9, 16, 23, 28, 33, 40, 35, 42, 55
7, 14, 9, 16, 23, 28, 33, 40, 45, 50, 55
7, 14, 9, 16, 23, 28, 33, 40, 45, 52, 55
7, 14, 9, 16, 23, 28, 33, 40, 47, 42, 55
7, 14, 9, 16, 23, 28, 33, 40, 47, 52, 55
7, 14, 9, 16, 23, 28, 33, 40, 47, 54, 55
7, 14, 9, 16, 23, 28, 35, 30, 55
7, 14, 9, 16, 23, 28, 35, 40, 45, 38, 31, 55
7, 14, 9, 16, 23, 28, 35, 40, 45, 38, 43, 55
7, 14, 9, 16, 23, 28, 35, 40, 45, 50, 55
7, 14, 9, 16, 23, 28, 35, 40, 45, 52, 55
7, 14, 9, 16, 23, 28, 35, 40, 47, 42, 55
7, 14, 9, 16, 23, 28, 35, 40, 47, 52, 55
7, 14, 9, 16, 23, 28, 35, 40, 47, 54, 55
7, 14, 9, 16, 23, 28, 35, 42, 55
7, 14, 9, 16, 23, 30, 55
7, 14, 19, 55
7, 14, 21, 16, 11, 18, 55
7, 14, 21, 16, 23, 18, 55
7, 14, 21, 16, 23, 28, 33, 26, 31, 55
7, 14, 21, 16, 23, 28, 33, 38, 31, 55
7, 14, 21, 16, 23, 28, 33, 38, 43, 55
7, 14, 21, 16, 23, 28, 33, 38, 45, 40, 35, 30, 55
7, 14, 21, 16, 23, 28, 33, 38, 45, 40, 35, 42, 55
7, 14, 21, 16, 23, 28, 33, 38, 45, 40, 47, 42, 55
7, 14, 21, 16, 23, 28, 33, 38, 45, 40, 47, 52, 55
7, 14, 21, 16, 23, 28, 33, 38, 45, 40, 47, 54, 55
7, 14, 21, 16, 23, 28, 33, 38, 45, 50, 55
7, 14, 21, 16, 23, 28, 33, 38, 45, 52, 55
7, 14, 21, 16, 23, 28, 33, 40, 35, 30, 55
7, 14, 21, 16, 23, 28, 33, 40, 35, 42, 55
7, 14, 21, 16, 23, 28, 33, 40, 45, 50, 55
7, 14, 21, 16, 23, 28, 33, 40, 45, 52, 55
7, 14, 21, 16, 23, 28, 33, 40, 47, 42, 55
7, 14, 21, 16, 23, 28, 33, 40, 47, 52, 55
7, 14, 21, 16, 23, 28, 33, 40, 47, 54, 55
7, 14, 21, 16, 23, 28, 35, 30, 55
7, 14, 21, 16, 23, 28, 35, 40, 45, 38, 31, 55
7, 14, 21, 16, 23, 28, 35, 40, 45, 38, 43, 55
7, 14, 21, 16, 23, 28, 35, 40, 45, 50, 55
7, 14, 21, 16, 23, 28, 35, 40, 45, 52, 55
7, 14, 21, 16, 23, 28, 35, 40, 47, 42, 55
7, 14, 21, 16, 23, 28, 35, 40, 47, 52, 55
7, 14, 21, 16, 23, 28, 35, 40, 47, 54, 55
7, 14, 21, 16, 23, 28, 35, 42, 55
7, 14, 21, 16, 23, 30, 55
7, 14, 21, 26, 31, 55
7, 14, 21, 26, 33, 28, 23, 18, 55
7, 14, 21, 26, 33, 28, 23, 30, 55
7, 14, 21, 26, 33, 28, 35, 30, 55
7, 14, 21, 26, 33, 28, 35, 40, 45, 38, 43, 55
7, 14, 21, 26, 33, 28, 35, 40, 45, 50, 55
7, 14, 21, 26, 33, 28, 35, 40, 45, 52, 55
7, 14, 21, 26, 33, 28, 35, 40, 47, 42, 55
7, 14, 21, 26, 33, 28, 35, 40, 47, 52, 55
7, 14, 21, 26, 33, 28, 35, 40, 47, 54, 55
7, 14, 21, 26, 33, 28, 35, 42, 55
7, 14, 21, 26, 33, 38, 43, 55
7, 14, 21, 26, 33, 38, 45, 40, 35, 30, 55
7, 14, 21, 26, 33, 38, 45, 40, 35, 42, 55
7, 14, 21, 26, 33, 38, 45, 40, 47, 42, 55
7, 14, 21, 26, 33, 38, 45, 40, 47, 52, 55
7, 14, 21, 26, 33, 38, 45, 40, 47, 54, 55
7, 14, 21, 26, 33, 38, 45, 50, 55
7, 14, 21, 26, 33, 38, 45, 52, 55
7, 14, 21, 26, 33, 40, 35, 30, 55
7, 14, 21, 26, 33, 40, 35, 42, 55
7, 14, 21, 26, 33, 40, 45, 50, 55
7, 14, 21, 26, 33, 40, 45, 52, 55
7, 14, 21, 26, 33, 40, 47, 42, 55
7, 14, 21, 26, 33, 40, 47, 52, 55
7, 14, 21, 26, 33, 40, 47, 54, 55
7, 14, 21, 28, 23, 18, 55
7, 14, 21, 28, 23, 30, 55
7, 14, 21, 28, 33, 38, 31, 55
7, 14, 21, 28, 33, 38, 43, 55
7, 14, 21, 28, 33, 38, 45, 40, 35, 30, 55
7, 14, 21, 28, 33, 38, 45, 40, 35, 42, 55
7, 14, 21, 28, 33, 38, 45, 40, 47, 42, 55
7, 14, 21, 28, 33, 38, 45, 40, 47, 52, 55
7, 14, 21, 28, 33, 38, 45, 40, 47, 54, 55
7, 14, 21, 28, 33, 38, 45, 50, 55
7, 14, 21, 28, 33, 38, 45, 52, 55
7, 14, 21, 28, 33, 40, 35, 30, 55
7, 14, 21, 28, 33, 40, 35, 42, 55
7, 14, 21, 28, 33, 40, 45, 50, 55
7, 14, 21, 28, 33, 40, 45, 52, 55
7, 14, 21, 28, 33, 40, 47, 42, 55
7, 14, 21, 28, 33, 40, 47, 52, 55
7, 14, 21, 28, 33, 40, 47, 54, 55
7, 14, 21, 28, 35, 30, 55
7, 14, 21, 28, 35, 40, 45, 38, 31, 55
7, 14, 21, 28, 35, 40, 45, 38, 43, 55
7, 14, 21, 28, 35, 40, 45, 50, 55
7, 14, 21, 28, 35, 40, 45, 52, 55
7, 14, 21, 28, 35, 40, 47, 42, 55
7, 14, 21, 28, 35, 40, 47, 52, 55
7, 14, 21, 28, 35, 40, 47, 54, 55
7, 14, 21, 28, 35, 42, 55
8, 13, 20, 15
9, 14, 19, 26, 21, 16
9, 14, 19, 26, 33, 28, 23, 16
9, 14, 21, 16
10, 15, 20, 25, 32, 27, 22, 17
10, 15, 20, 25, 32, 39, 34, 29, 22, 17
10, 15, 20, 27, 22, 17
10, 15, 20, 27, 32, 39, 34, 29, 24, 17
10, 15, 20, 27, 34, 29, 24, 17
10, 15, 22, 17
11, 16, 21, 14, 19, 26, 33, 28, 23, 18
11, 16, 21, 14, 19, 55, 18
11, 16, 21, 26, 19, 55, 18
11, 16, 21, 26, 31, 38, 33, 28, 23, 18
11, 16, 21, 26, 31, 38, 45, 40, 35, 28, 23, 18
11, 16, 21, 26, 31, 55, 18
11, 16, 21, 26, 33, 28, 23, 18
11, 16, 21, 26, 33, 28, 35, 30, 55, 18
11, 16, 21, 26, 33, 28, 35, 40, 45, 38, 43, 55, 18
11, 16, 21, 26, 33, 28, 35, 40, 45, 50, 55, 18
11, 16, 21, 26, 33, 28, 35, 40, 45, 52, 55, 18
11, 16, 21, 26, 33, 28, 35, 40, 47, 42, 55, 18
11, 16, 21, 26, 33, 28, 35, 40, 47, 52, 55, 18
11, 16, 21, 26, 33, 28, 35, 40, 47, 54, 55, 18
11, 16, 21, 26, 33, 28, 35, 42, 55, 18
11, 16, 21, 26, 33, 38, 43, 55, 18
11, 16, 21, 26, 33, 38, 45, 40, 35, 30, 23, 18
11, 16, 21, 26, 33, 38, 45, 40, 35, 30, 55, 18
11, 16, 21, 26, 33, 38, 45, 40, 35, 42, 55, 18
11, 16, 21, 26, 33, 38, 45, 40, 47, 42, 55, 18
11, 16, 21, 26, 33, 38, 45, 40, 47, 52, 55, 18
11, 16, 21, 26, 33, 38, 45, 40, 47, 54, 55, 18
11, 16, 21, 26, 33, 38, 45, 50, 55, 18
11, 16, 21, 26, 33, 38, 45, 52, 55, 18
11, 16, 21, 26, 33, 40, 35, 30, 23, 18
11, 16, 21, 26, 33, 40, 35, 30, 55, 18
11, 16, 21, 26, 33, 40, 35, 42, 55, 18
11, 16, 21, 26, 33, 40, 45, 50, 55, 18
11, 16, 21, 26, 33, 40, 45, 52, 55, 18
11, 16, 21, 26, 33, 40, 47, 42, 55, 18
11, 16, 21, 26, 33, 40, 47, 52, 55, 18
11, 16, 21, 26, 33, 40, 47, 54, 55, 18
11, 16, 21, 28, 23, 18
11, 16, 21, 28, 33, 38, 31, 55, 18
11, 16, 21, 28, 33, 38, 43, 55, 18
11, 16, 21, 28, 33, 38, 45, 40, 35, 30, 55, 18
11, 16, 21, 28, 33, 38, 45, 40, 35, 42, 55, 18
11, 16, 21, 28, 33, 38, 45, 40, 47, 42, 55, 18
11, 16, 21, 28, 33, 38, 45, 40, 47, 52, 55, 18
11, 16, 21, 28, 33, 38, 45, 40, 47, 54, 55, 18
11, 16, 21, 28, 33, 38, 45, 50, 55, 18
11, 16, 21, 28, 33, 38, 45, 52, 55, 18
11, 16, 21, 28, 33, 40, 35, 30, 55, 18
11, 16, 21, 28, 33, 40, 35, 42, 55, 18
11, 16, 21, 28, 33, 40, 45, 50, 55, 18
11, 16, 21, 28, 33, 40, 45, 52, 55, 18
11, 16, 21, 28, 33, 40, 47, 42, 55, 18
11, 16, 21, 28, 33, 40, 47, 52, 55, 18
11, 16, 21, 28, 33, 40, 47, 54, 55, 18
11, 16, 21, 28, 35, 30, 55, 18
11, 16, 21, 28, 35, 40, 45, 38, 31, 55, 18
11, 16, 21, 28, 35, 40, 45, 38, 43, 55, 18
11, 16, 21, 28, 35, 40, 45, 50, 55, 18
11, 16, 21, 28, 35, 40, 45, 52, 55, 18
11, 16, 21, 28, 35, 40, 47, 42, 55, 18
11, 16, 21, 28, 35, 40, 47, 52, 55, 18
11, 16, 21, 28, 35, 40, 47, 54, 55, 18
11, 16, 21, 28, 35, 42, 55, 18
11, 16, 23, 18
12, 17, 22, 15, 20, 13, 55
12, 17, 22, 15, 20, 25, 55
12, 17, 22, 15, 20, 27, 32, 37, 55
12, 17, 22, 15, 20, 27, 32, 39, 34, 29, 24, 55
12, 17, 22, 15, 20, 27, 32, 39, 34, 29, 36, 55
12, 17, 22, 15, 20, 27, 32, 39, 34, 41, 36, 55
12, 17, 22, 15, 20, 27, 32, 39, 34, 41, 46, 51, 55
12, 17, 22, 15, 20, 27, 32, 39, 34, 41, 46, 53, 55
12, 17, 22, 15, 20, 27, 32, 39, 34, 41, 48, 55
12, 17, 22, 15, 20, 27, 32, 39, 44, 49, 55
12, 17, 22, 15, 20, 27, 32, 39, 44, 51, 55
12, 17, 22, 15, 20, 27, 32, 39, 46, 41, 36, 55
12, 17, 22, 15, 20, 27, 32, 39, 46, 41, 48, 55
12, 17, 22, 15, 20, 27, 32, 39, 46, 51, 55
12, 17, 22, 15, 20, 27, 32, 39, 46, 53, 55
12, 17, 22, 15, 20, 27, 34, 29, 24, 55
12, 17, 22, 15, 20, 27, 34, 29, 36, 55
12, 17, 22, 15, 20, 27, 34, 39, 44, 37, 55
12, 17, 22, 15, 20, 27, 34, 39, 44, 49, 55
12, 17, 22, 15, 20, 27, 34, 39, 44, 51, 55
12, 17, 22, 15, 20, 27, 34, 39, 46, 41, 36, 55
12, 17, 22, 15, 20, 27, 34, 39, 46, 41, 48, 55
12, 17, 22, 15, 20, 27, 34, 39, 46, 51, 55
12, 17, 22, 15, 20, 27, 34, 39, 46, 53, 55
12, 17, 22, 15, 20, 27, 34, 41, 36, 55
12, 17, 22, 15, 20, 27, 34, 41, 46, 51, 55
12, 17, 22, 15, 20, 27, 34, 41, 46, 53, 55
12, 17, 22, 15, 20, 27, 34, 41, 48, 55
12, 17, 22, 27, 20, 13, 55
12, 17, 22, 27, 20, 25, 55
12, 17, 22, 27, 32, 25, 55
12, 17, 22, 27, 32, 37, 55
12, 17, 22, 27, 32, 39, 34, 29, 24, 55
12, 17, 22, 27, 32, 39, 34, 29, 36, 55
12, 17, 22, 27, 32, 39, 34, 41, 36, 55
12, 17, 22, 27, 32, 39, 34, 41, 46, 51, 55
12, 17, 22, 27, 32, 39, 34, 41, 46, 53, 55
12, 17, 22, 27, 32, 39, 34, 41, 48, 55
12, 17, 22, 27, 32, 39, 44, 49, 55
12, 17, 22, 27, 32, 39, 44, 51, 55
12, 17, 22, 27, 32, 39, 46, 41, 36, 55
12, 17, 22, 27, 32, 39, 46, 41, 48, 55
12, 17, 22, 27, 32, 39, 46, 51, 55
12, 17, 22, 27, 32, 39, 46, 53, 55
12, 17, 22, 27, 34, 29, 24, 55
12, 17, 22, 27, 34, 29, 36, 55
12, 17, 22, 27, 34, 39, 44, 37, 55
12, 17, 22, 27, 34, 39, 44, 49, 55
12, 17, 22, 27, 34, 39, 44, 51, 55
12, 17, 22, 27, 34, 39, 46, 41, 36, 55
12, 17, 22, 27, 34, 39, 46, 41, 48, 55
12, 17, 22, 27, 34, 39, 46, 51, 55
12, 17, 22, 27, 34, 39, 46, 53, 55
12, 17, 22, 27, 34, 41, 36, 55
12, 17, 22, 27, 34, 41, 46, 51, 55
12, 17, 22, 27, 34, 41, 46, 53, 55
12, 17, 22, 27, 34, 41, 48, 55
12, 17, 22, 29, 24, 55
12, 17, 22, 29, 34, 39, 32, 25, 55
12, 17, 22, 29, 34, 39, 32, 37, 55
12, 17, 22, 29, 34, 39, 44, 37, 55
12, 17, 22, 29, 34, 39, 44, 49, 55
12, 17, 22, 29, 34, 39, 44, 51, 55
12, 17, 22, 29, 34, 39, 46, 41, 36, 55
12, 17, 22, 29, 34, 39, 46, 41, 48, 55
12, 17, 22, 29, 34, 39, 46, 51, 55
12, 17, 22, 29, 34, 39, 46, 53, 55
12, 17, 22, 29, 34, 41, 36, 55
12, 17, 22, 29, 34, 41, 46, 51, 55
12, 17, 22, 29, 34, 41, 46, 53, 55
12, 17, 22, 29, 34, 41, 48, 55
12, 17, 22, 29, 36, 55
12, 17, 24, 55
13, 20, 15, 22, 17, 24, 55
13, 20, 15, 22, 27, 32, 25, 55
13, 20, 15, 22, 27, 32, 37, 55
13, 20, 15, 22, 27, 32, 39, 34, 29, 24, 55
13, 20, 15, 22, 27, 32, 39, 34, 29, 36, 55
13, 20, 15, 22, 27, 32, 39, 34, 41, 36, 55
13, 20, 15, 22, 27, 32, 39, 34, 41, 46, 51, 55
13, 20, 15, 22, 27, 32, 39, 34, 41, 46, 53, 55
13, 20, 15, 22, 27, 32, 39, 34, 41, 48, 55
13, 20, 15, 22, 27, 32, 39, 44, 49, 55
13, 20, 15, 22, 27, 32, 39, 44, 51, 55
13, 20, 15, 22, 27, 32, 39, 46, 41, 36, 55
13, 20, 15, 22, 27, 32, 39, 46, 41, 48, 55
13, 20, 15, 22, 27, 32, 39, 46, 51, 55
13, 20, 15, 22, 27, 32, 39, 46, 53, 55
13, 20, 15, 22, 27, 34, 29, 24, 55
13, 20, 15, 22, 27, 34, 29, 36, 55
13, 20, 15, 22, 27, 34, 39, 44, 37, 55
13, 20, 15, 22, 27, 34, 39, 44, 49, 55
13, 20, 15, 22, 27, 34, 39, 44, 51, 55
13, 20, 15, 22, 27, 34, 39, 46, 41, 36, 55
13, 20, 15, 22, 27, 34, 39, 46, 41, 48, 55
13, 20, 15, 22, 27, 34, 39, 46, 51, 55
13, 20, 15, 22, 27, 34, 39, 46, 53, 55
13, 20, 15, 22, 27, 34, 41, 36, 55
13, 20, 15, 22, 27, 34, 41, 46, 51, 55
13, 20, 15, 22, 27, 34, 41, 46, 53, 55
13, 20, 15, 22, 27, 34, 41, 48, 55
13, 20, 15, 22, 29, 24, 55
13, 20, 15, 22, 29, 34, 39, 32, 25, 55
13, 20, 15, 22, 29, 34, 39, 32, 37, 55
13, 20, 15, 22, 29, 34, 39, 44, 37, 55
13, 20, 15, 22, 29, 34, 39, 44, 49, 55
13, 20, 15, 22, 29, 34, 39, 44, 51, 55
13, 20, 15, 22, 29, 34, 39, 46, 41, 36, 55
13, 20, 15, 22, 29, 34, 39, 46, 41, 48, 55
13, 20, 15, 22, 29, 34, 39, 46, 51, 55
13, 20, 15, 22, 29, 34, 39, 46, 53, 55
13, 20, 15, 22, 29, 34, 41, 36, 55
13, 20, 15, 22, 29, 34, 41, 46, 51, 55
13, 20, 15, 22, 29, 34, 41, 46, 53, 55
13, 20, 15, 22, 29, 34, 41, 48, 55
13, 20, 15, 22, 29, 36, 55
13, 20, 25, 55
13, 20, 27, 22, 17, 24, 55
13, 20, 27, 22, 29, 24, 55
13, 20, 27, 22, 29, 34, 39, 32, 37, 55
13, 20, 27, 22, 29, 34, 39, 44, 37, 55
13, 20, 27, 22, 29, 34, 39, 44, 49, 55
13, 20, 27, 22, 29, 34, 39, 44, 51, 55
13, 20, 27, 22, 29, 34, 39, 46, 41, 36, 55
13, 20, 27, 22, 29, 34, 39, 46, 41, 48, 55
13, 20, 27, 22, 29, 34, 39, 46, 51, 55
13, 20, 27, 22, 29, 34, 39, 46, 53, 55
13, 20, 27, 22, 29, 34, 41, 36, 55
13, 20, 27, 22, 29, 34, 41, 46, 51, 55
13, 20, 27, 22, 29, 34, 41, 46, 53, 55
13, 20, 27, 22, 29, 34, 41, 48, 55
13, 20, 27, 22, 29, 36, 55
13, 20, 27, 32, 37, 55
13, 20, 27, 32, 39, 34, 29, 24, 55
13, 20, 27, 32, 39, 34, 29, 36, 55
13, 20, 27, 32, 39, 34, 41, 36, 55
13, 20, 27, 32, 39, 34, 41, 46, 51, 55
13, 20, 27, 32, 39, 34, 41, 46, 53, 55
13, 20, 27, 32, 39, 34, 41, 48, 55
13, 20, 27, 32, 39, 44, 49, 55
13, 20, 27, 32, 39, 44, 51, 55
13, 20, 27, 32, 39, 46, 41, 36, 55
13, 20, 27, 32, 39, 46, 41, 48, 55
13, 20, 27, 32, 39, 46, 51, 55
13, 20, 27, 32, 39, 46, 53, 55
13, 20, 27, 34, 29, 24, 55
13, 20, 27, 34, 29, 36, 55
13, 20, 27, 34, 39, 44, 37, 55
13, 20, 27, 34, 39, 44, 49, 55
13, 20, 27, 34, 39, 44, 51, 55
13, 20, 27, 34, 39, 46, 41, 36, 55
13, 20, 27, 34, 39, 46, 41, 48, 55
13, 20, 27, 34, 39, 46, 51, 55
13, 20, 27, 34, 39, 46, 53, 55
13, 20, 27, 34, 41, 36, 55
13, 20, 27, 34, 41, 46, 51, 55
13, 20, 27, 34, 41, 46, 53, 55
13, 20, 27, 34, 41, 48, 55
14, 19, 26, 21
15, 20, 25, 32, 27, 22
15, 20, 25, 32, 39, 34, 29, 22
15, 20, 27, 22
16, 21, 26, 31, 38, 33, 28, 23
16, 21, 26, 31, 38, 45, 40, 35, 28, 23
16, 21, 26, 33, 28, 23
16, 21, 26, 33, 38, 45, 40, 35, 30, 23
16, 21, 26, 33, 40, 35, 30, 23
16, 21, 28, 23
17, 22, 27, 20, 25, 32, 39, 34, 29, 24
17, 22, 27, 20, 25, 55, 24
17, 22, 27, 32, 25, 55, 24
17, 22, 27, 32, 37, 44, 39, 34, 29, 24
17, 22, 27, 32, 37, 55, 24
17, 22, 27, 32, 39, 34, 29, 24
17, 22, 27, 32, 39, 34, 41, 36, 55, 24
17, 22, 27, 32, 39, 34, 41, 46, 51, 55, 24
17, 22, 27, 32, 39, 34, 41, 46, 53, 55, 24
17, 22, 27, 32, 39, 34, 41, 48, 55, 24
17, 22, 27, 32, 39, 44, 49, 55, 24
17, 22, 27, 32, 39, 44, 51, 55, 24
17, 22, 27, 32, 39, 46, 41, 36, 29, 24
17, 22, 27, 32, 39, 46, 41, 36, 55, 24
17, 22, 27, 32, 39, 46, 41, 48, 55, 24
17, 22, 27, 32, 39, 46, 51, 55, 24
17, 22, 27, 32, 39, 46, 53, 55, 24
17, 22, 27, 34, 29, 24
17, 22, 27, 34, 39, 44, 37, 55, 24
17, 22, 27, 34, 39, 44, 49, 55, 24
17, 22, 27, 34, 39, 44, 51, 55, 24
17, 22, 27, 34, 39, 46, 41, 36, 55, 24
17, 22, 27, 34, 39, 46, 41, 48, 55, 24
17, 22, 27, 34, 39, 46, 51, 55, 24
17, 22, 27, 34, 39, 46, 53, 55, 24
17, 22, 27, 34, 41, 36, 55, 24
17, 22, 27, 34, 41, 46, 51, 55, 24
17, 22, 27, 34, 41, 46, 53, 55, 24
17, 22, 27, 34, 41, 48, 55, 24
17, 22, 29, 24
18, 23, 28, 21, 26, 19, 55
18, 23, 28, 21, 26, 31, 55
18, 23, 28, 21, 26, 33, 38, 43, 55
18, 23, 28, 21, 26, 33, 38, 45, 40, 35, 30, 55
18, 23, 28, 21, 26, 33, 38, 45, 40, 35, 42, 55
18, 23, 28, 21, 26, 33, 38, 45, 40, 47, 42, 55
18, 23, 28, 21, 26, 33, 38, 45, 40, 47, 52, 55
18, 23, 28, 21, 26, 33, 38, 45, 40, 47, 54, 55
18, 23, 28, 21, 26, 33, 38, 45, 50, 55
18, 23, 28, 21, 26, 33, 38, 45, 52, 55
18, 23, 28, 21, 26, 33, 40, 35, 30, 55
18, 23, 28, 21, 26, 33, 40, 35, 42, 55
18, 23, 28, 21, 26, 33, 40, 45, 50, 55
18, 23, 28, 21, 26, 33, 40, 45, 52, 55
18, 23, 28, 21, 26, 33, 40, 47, 42, 55
18, 23, 28, 21, 26, 33, 40, 47, 52, 55
18, 23, 28, 21, 26, 33, 40, 47, 54, 55
18, 23, 28, 33, 26, 19, 55
18, 23, 28, 33, 26, 31, 55
18, 23, 28, 33, 38, 31, 55
18, 23, 28, 33, 38, 43, 55
18, 23, 28, 33, 38, 45, 40, 35, 30, 55
18, 23, 28, 33, 38, 45, 40, 35, 42, 55
18, 23, 28, 33, 38, 45, 40, 47, 42, 55
18, 23, 28, 33, 38, 45, 40, 47, 52, 55
18, 23, 28, 33, 38, 45, 40, 47, 54, 55
18, 23, 28, 33, 38, 45, 50, 55
18, 23, 28, 33, 38, 45, 52, 55
18, 23, 28, 33, 40, 35, 30, 55
18, 23, 28, 33, 40, 35, 42, 55
18, 23, 28, 33, 40, 45, 50, 55
18, 23, 28, 33, 40, 45, 52, 55
18, 23, 28, 33, 40, 47, 42, 55
18, 23, 28, 33, 40, 47, 52, 55
18, 23, 28, 33, 40, 47, 54, 55
18, 23, 28, 35, 30, 55
18, 23, 28, 35, 40, 45, 38, 31, 55
18, 23, 28, 35, 40, 45, 38, 43, 55
18, 23, 28, 35, 40, 45, 50, 55
18, 23, 28, 35, 40, 45, 52, 55
18, 23, 28, 35, 40, 47, 42, 55
18, 23, 28, 35, 40, 47, 52, 55
18, 23, 28, 35, 40, 47, 54, 55
18, 23, 28, 35, 42, 55
18, 23, 30, 55
19, 26, 21, 28, 23, 30, 55
19, 26, 21, 28, 33, 38, 31, 55
19, 26, 21, 28, 33, 38, 43, 55
19, 26, 21, 28, 33, 38, 45, 40, 35, 30, 55
19, 26, 21, 28, 33, 38, 45, 40, 35, 42, 55
19, 26, 21, 28, 33, 38, 45, 40, 47, 42, 55
19, 26, 21, 28, 33, 38, 45, 40, 47, 52, 55
19, 26, 21, 28, 33, 38, 45, 40, 47, 54, 55
19, 26, 21, 28, 33, 38, 45, 50, 55
19, 26, 21, 28, 33, 38, 45, 52, 55
19, 26, 21, 28, 33, 40, 35, 30, 55
19, 26, 21, 28, 33, 40, 35, 42, 55
19, 26, 21, 28, 33, 40, 45, 50, 55
19, 26, 21, 28, 33, 40, 45, 52, 55
19, 26, 21, 28, 33, 40, 47, 42, 55
19, 26, 21, 28, 33, 40, 47, 52, 55
19, 26, 21, 28, 33, 40, 47, 54, 55
19, 26, 21, 28, 35, 30, 55
19, 26, 21, 28, 35, 40, 45, 38, 31, 55
19, 26, 21, 28, 35, 40, 45, 38, 43, 55
19, 26, 21, 28, 35, 40, 45, 50, 55
19, 26, 21, 28, 35, 40, 45, 52, 55
19, 26, 21, 28, 35, 40, 47, 42, 55
19, 26, 21, 28, 35, 40, 47, 52, 55
19, 26, 21, 28, 35, 40, 47, 54, 55
19, 26, 21, 28, 35, 42, 55
19, 26, 31, 55
19, 26, 33, 28, 23, 30, 55
19, 26, 33, 28, 35, 30, 55
19, 26, 33, 28, 35, 40, 45, 38, 43, 55
19, 26, 33, 28, 35, 40, 45, 50, 55
19, 26, 33, 28, 35, 40, 45, 52, 55
19, 26, 33, 28, 35, 40, 47, 42, 55
19, 26, 33, 28, 35, 40, 47, 52, 55
19, 26, 33, 28, 35, 40, 47, 54, 55
19, 26, 33, 28, 35, 42, 55
19, 26, 33, 38, 43, 55
19, 26, 33, 38, 45, 40, 35, 30, 55
19, 26, 33, 38, 45, 40, 35, 42, 55
19, 26, 33, 38, 45, 40, 47, 42, 55
19, 26, 33, 38, 45, 40, 47, 52, 55
19, 26, 33, 38, 45, 40, 47, 54, 55
19, 26, 33, 38, 45, 50, 55
19, 26, 33, 38, 45, 52, 55
19, 26, 33, 40, 35, 30, 55
19, 26, 33, 40, 35, 42, 55
19, 26, 33, 40, 45, 50, 55
19, 26, 33, 40, 45, 52, 55
19, 26, 33, 40, 47, 42, 55
19, 26, 33, 40, 47, 52, 55
19, 26, 33, 40, 47, 54, 55
20, 25, 32, 27
21, 26, 31, 38, 33, 28
21, 26, 31, 38, 45, 40, 35, 28
21, 26, 33, 28
22, 27, 32, 37, 44, 39, 34, 29
22, 27, 32, 39, 34, 29
22, 27, 32, 39, 46, 41, 36, 29
22, 27, 34, 29
23, 28, 33, 26, 31, 38, 45, 40, 35, 30
23, 28, 33, 26, 31, 55, 30
23, 28, 33, 38, 31, 55, 30
23, 28, 33, 38, 43, 55, 30
23, 28, 33, 38, 45, 40, 35, 30
23, 28, 33, 38, 45, 40, 47, 42, 55, 30
23, 28, 33, 38, 45, 40, 47, 52, 55, 30
23, 28, 33, 38, 45, 40, 47, 54, 55, 30
23, 28, 33, 38, 45, 50, 55, 30
23, 28, 33, 38, 45, 52, 55, 30
23, 28, 33, 40, 35, 30
23, 28, 33, 40, 45, 50, 55, 30
23, 28, 33, 40, 45, 52, 55, 30
23, 28, 33, 40, 47, 42, 55, 30
23, 28, 33, 40, 47, 52, 55, 30
23, 28, 33, 40, 47, 54, 55, 30
23, 28, 35, 30
24, 29, 34, 27, 32, 25, 55
24, 29, 34, 27, 32, 37, 55
24, 29, 34, 27, 32, 39, 44, 49, 55
24, 29, 34, 27, 32, 39, 44, 51, 55
24, 29, 34, 27, 32, 39, 46, 41, 36, 55
24, 29, 34, 27, 32, 39, 46, 41, 48, 55
24, 29, 34, 27, 32, 39, 46, 51, 55
24, 29, 34, 27, 32, 39, 46, 53, 55
24, 29, 34, 39, 32, 25, 55
24, 29, 34, 39, 32, 37, 55
24, 29, 34, 39, 44, 37, 55
24, 29, 34, 39, 44, 49, 55
24, 29, 34, 39, 44, 51, 55
24, 29, 34, 39, 46, 41, 36, 55
24, 29, 34, 39, 46, 41, 48, 55
24, 29, 34, 39, 46, 51, 55
24, 29, 34, 39, 46, 53, 55
24, 29, 34, 41, 36, 55
24, 29, 34, 41, 46, 51, 55
24, 29, 34, 41, 46, 53, 55
24, 29, 34, 41, 48, 55
24, 29, 36, 55
25, 32, 27, 34, 29, 36, 55
25, 32, 27, 34, 39, 44, 37, 55
25, 32, 27, 34, 39, 44, 49, 55
25, 32, 27, 34, 39, 44, 51, 55
25, 32, 27, 34, 39, 46, 41, 36, 55
25, 32, 27, 34, 39, 46, 41, 48, 55
25, 32, 27, 34, 39, 46, 51, 55
25, 32, 27, 34, 39, 46, 53, 55
25, 32, 27, 34, 41, 36, 55
25, 32, 27, 34, 41, 46, 51, 55
25, 32, 27, 34, 41, 46, 53, 55
25, 32, 27, 34, 41, 48, 55
25, 32, 37, 55
25, 32, 39, 34, 29, 36, 55
25, 32, 39, 34, 41, 36, 55
25, 32, 39, 34, 41, 46, 51, 55
25, 32, 39, 34, 41, 46, 53, 55
25, 32, 39, 34, 41, 48, 55
25, 32, 39, 44, 49, 55
25, 32, 39, 44, 51, 55
25, 32, 39, 46, 41, 36, 55
25, 32, 39, 46, 41, 48, 55
25, 32, 39, 46, 51, 55
25, 32, 39, 46, 53, 55
26, 31, 38, 33
27, 32, 37, 44, 39, 34
27, 32, 39, 34
28, 33, 38, 45, 40, 35
28, 33, 40, 35
29, 34, 39, 32, 37, 55, 36
29, 34, 39, 44, 37, 55, 36
29, 34, 39, 44, 49, 55, 36
29, 34, 39, 44, 51, 46, 41, 36
29, 34, 39, 44, 51, 55, 36
29, 34, 39, 46, 41, 36
29, 34, 39, 46, 51, 55, 36
29, 34, 39, 46, 53, 55, 36
29, 34, 41, 36
30, 35, 40, 33, 38, 31, 55
30, 35, 40, 33, 38, 43, 55
30, 35, 40, 33, 38, 45, 50, 55
30, 35, 40, 33, 38, 45, 52, 55
30, 35, 40, 45, 38, 31, 55
30, 35, 40, 45, 38, 43, 55
30, 35, 40, 45, 50, 55
30, 35, 40, 45, 52, 55
30, 35, 40, 47, 42, 55
30, 35, 40, 47, 52, 55
30, 35, 40, 47, 54, 55
30, 35, 42, 55
31, 38, 33, 40, 35, 42, 55
31, 38, 33, 40, 45, 50, 55
31, 38, 33, 40, 45, 52, 55
31, 38, 33, 40, 47, 42, 55
31, 38, 33, 40, 47, 52, 55
31, 38, 33, 40, 47, 54, 55
31, 38, 43, 55
31, 38, 45, 40, 35, 42, 55
31, 38, 45, 40, 47, 42, 55
31, 38, 45, 40, 47, 52, 55
31, 38, 45, 40, 47, 54, 55
31, 38, 45, 50, 55
31, 38, 45, 52, 55
32, 37, 44, 39
33, 38, 45, 40
34, 39, 44, 51, 46, 41
34, 39, 46, 41
35, 40, 45, 38, 43, 55, 42
35, 40, 45, 50, 55, 42
35, 40, 45, 52, 47, 42
35, 40, 45, 52, 55, 42
35, 40, 47, 42
36, 41, 46, 39, 44, 37, 55
36, 41, 46, 39, 44, 49, 55
36, 41, 46, 39, 44, 51, 55
36, 41, 46, 51, 55
36, 41, 46, 53, 55
36, 41, 48, 55
37, 44, 39, 46, 41, 48, 55
37, 44, 39, 46, 51, 55
37, 44, 39, 46, 53, 55
37, 44, 49, 55
37, 44, 51, 55
39, 44, 51, 46
40, 45, 52, 47
41, 46, 51, 55, 48
41, 46, 53, 48
42, 47, 52, 55
42, 47, 54, 55
43, 50, 55
44, 49, 55, 51
45, 50, 55, 52
46, 51, 55, 53
47, 52, 55, 54
48, 53, 55
