1, 7, 3, 31
1, 7, 11, 31
1, 7, 13, 9, 5, 31
1, 7, 13, 9, 15, 31
1, 7, 13, 17, 21, 31
1, 7, 13, 17, 23, 19, 15, 31
1, 7, 13, 17, 23, 19, 25, 31
1, 7, 13, 17, 23, 27, 31
1, 7, 13, 17, 23, 29, 31
1, 7, 13, 19, 15, 31
1, 7, 13, 19, 23, 27, 31
1, 7, 13, 19, 23, 29, 31
1, 7, 13, 19, 25, 31
2, 6, 31
2, 8, 4, 31
2, 8, 12, 16, 31
2, 8, 12, 18, 14, 10, 31
2, 8, 12, 18, 14, 20, 31
2, 8, 12, 18, 22, 26, 31
2, 8, 12, 18, 22, 28, 31
2, 8, 12, 18, 24, 20, 31
2, 8, 12, 18, 24, 28, 31
2, 8, 12, 18, 24, 30, 31
2, 8, 14, 10, 31
2, 8, 14, 18, 22, 16, 31
2, 8, 14, 18, 22, 26, 31
2, 8, 14, 18, 22, 28, 31
2, 8, 14, 18, 24, 20, 31
2, 8, 14, 18, 24, 28, 31
2, 8, 14, 18, 24, 30, 31
2, 8, 14, 20, 31
3, 7, 11, 31
3, 7, 13, 9
3, 7, 13, 9, 5, 31
3, 7, 13, 9, 15, 31
3, 7, 13, 17, 21, 31
3, 7, 13, 17, 23, 19, 15, 31
3, 7, 13, 17, 23, 19, 25, 31
3, 7, 13, 17, 23, 27, 31
3, 7, 13, 17, 23, 29, 31
3, 7, 13, 19, 15, 31
3, 7, 13, 19, 23, 27, 31
3, 7, 13, 19, 23, 29, 31
3, 7, 13, 19, 25, 31
3, 9, 5, 31
3, 9, 13, 17, 11, 31
3, 9, 13, 17, 21, 31
3, 9, 13, 17, 23, 19, 15, 31
3, 9, 13, 17, 23, 19, 25, 31
3, 9, 13, 17, 23, 27, 31
3, 9, 13, 17, 23, 29, 31
3, 9, 13, 19, 15, 31
3, 9, 13, 19, 23, 27, 31
3, 9, 13, 19, 23, 29, 31
3, 9, 13, 19, 25, 31
3, 9, 15, 31
4, 8, 12, 6, 31
4, 8, 12, 16, 31
4, 8, 12, 18, 14, 10
4, 8, 12, 18, 14, 10, 31
4, 8, 12, 18, 14, 20, 31
4, 8, 12, 18, 22, 26, 31
4, 8, 12, 18, 22, 28, 31
4, 8, 12, 18, 24, 20, 31
4, 8, 12, 18, 24, 28, 31
4, 8, 12, 18, 24, 30, 31
4, 8, 14, 10
4, 8, 14, 10, 31
4, 8, 14, 18, 22, 16, 31
4, 8, 14, 18, 22, 26, 31
4, 8, 14, 18, 22, 28, 31
4, 8, 14, 18, 24, 20, 31
4, 8, 14, 18, 24, 28, 31
4, 8, 14, 18, 24, 30, 31
4, 8, 14, 20, 31
4, 10, 31
5, 9, 13, 7, 11, 31
5, 9, 13, 17, 11, 31
5, 9, 13, 17, 21, 31
5, 9, 13, 17, 23, 19, 15, 31
5, 9, 13, 17, 23, 19, 25, 31
5, 9, 13, 17, 23, 27, 31
5, 9, 13, 17, 23, 29, 31
5, 9, 13, 19, 15, 31
5, 9, 13, 19, 23, 27, 31
5, 9, 13, 19, 23, 29, 31
5, 9, 13, 19, 25, 31
5, 9, 15, 31
6, 12, 8, 14, 10, 31
6, 12, 8, 14, 18, 22, 16, 31
6, 12, 8, 14, 18, 22, 26, 31
6, 12, 8, 14, 18, 22, 28, 31
6, 12, 8, 14, 18, 24, 20, 31
6, 12, 8, 14, 18, 24, 28, 31
6, 12, 8, 14, 18, 24, 30, 31
6, 12, 8, 14, 20, 31
6, 12, 16, 31
6, 12, 18, 14, 10, 31
6, 12, 18, 14, 20, 31
6, 12, 18, 22, 26, 31
6, 12, 18, 22, 28, 31
6, 12, 18, 24, 20, 31
6, 12, 18, 24, 28, 31
6, 12, 18, 24, 30, 31
7, 11, 17, 13
8, 12, 16, 22, 18, 14
8, 12, 18, 14
9, 13, 17, 11, 31, 15
9, 13, 17, 21, 31, 15
9, 13, 17, 23, 19, 15
9, 13, 17, 23, 27, 31, 15
9, 13, 17, 23, 29, 31, 15
9, 13, 19, 15
10, 14, 18, 12, 16, 31
10, 14, 18, 22, 16, 31
10, 14, 18, 22, 26, 31
10, 14, 18, 22, 28, 31
10, 14, 18, 24, 20, 31
10, 14, 18, 24, 28, 31
10, 14, 18, 24, 30, 31
10, 14, 20, 31
11, 17, 13, 19, 15, 31
11, 17, 13, 19, 23, 27, 31
11, 17, 13, 19, 23, 29, 31
11, 17, 13, 19, 25, 31
11, 17, 21, 31
11, 17, 23, 19, 15, 31
11, 17, 23, 19, 25, 31
11, 17, 23, 27, 31
11, 17, 23, 29, 31
12, 16, 22, 18
13, 17, 23, 19
14, 18, 22, 16, 31, 20
14, 18, 22, 26, 31, 20
14, 18, 22, 28, 24, 20
14, 18, 22, 28, 31, 20
14, 18, 24, 20
15, 19, 23, 17, 21, 31
15, 19, 23, 27, 31
15, 19, 23, 29, 31
15, 19, 25, 31
16, 22, 18, 24, 20, 31
16, 22, 18, 24, 28, 31
16, 22, 18, 24, 30, 31
16, 22, 26, 31
16, 22, 28, 31
18, 22, 28, 24
19, 23, 27, 31, 25
19, 23, 29, 25
20, 24, 28, 31
20, 24, 30, 31
21, 27, 31
22, 26, 31, 28
23, 27, 31, 29
24, 28, 31, 30
25, 29, 31
