1, 9, 3, 43
1, 9, 15, 43
1, 9, 17, 11, 5, 43
1, 9, 17, 11, 19, 13, 7, 43
1, 9, 17, 11, 19, 13, 21, 43
1, 9, 17, 11, 19, 25, 31, 23, 29, 43
1, 9, 17, 11, 19, 25, 31, 37, 43
1, 9, 17, 11, 19, 25, 31, 39, 43
1, 9, 17, 11, 19, 25, 33, 27, 21, 43
1, 9, 17, 11, 19, 25, 33, 27, 35, 43
1, 9, 17, 11, 19, 25, 33, 39, 43
1, 9, 17, 11, 19, 25, 33, 41, 43
1, 9, 17, 11, 19, 27, 21, 43
1, 9, 17, 11, 19, 27, 33, 39, 43
1, 9, 17, 11, 19, 27, 33, 41, 43
1, 9, 17, 11, 19, 27, 35, 43
1, 9, 17, 23, 29, 43
1, 9, 17, 23, 31, 25, 19, 13, 5, 43
1, 9, 17, 23, 31, 25, 19, 13, 7, 43
1, 9, 17, 23, 31, 25, 19, 13, 21, 43
1, 9, 17, 23, 31, 25, 19, 27, 21, 43
1, 9, 17, 23, 31, 25, 19, 27, 33, 39, 43
1, 9, 17, 23, 31, 25, 19, 27, 33, 41, 43
1, 9, 17, 23, 31, 25, 19, 27, 35, 43
1, 9, 17, 23, 31, 25, 33, 27, 21, 43
1, 9, 17, 23, 31, 25, 33, 27, 35, 43
1, 9, 17, 23, 31, 25, 33, 39, 43
1, 9, 17, 23, 31, 25, 33, 41, 43
1, 9, 17, 23, 31, 37, 43
1, 9, 17, 23, 31, 39, 43
1, 9, 17, 25, 19, 13, 5, 43
1, 9, 17, 25, 19, 13, 7, 43
1, 9, 17, 25, 19, 13, 21, 43
1, 9, 17, 25, 19, 27, 21, 43
1, 9, 17, 25, 19, 27, 33, 39, 43
1, 9, 17, 25, 19, 27, 33, 41, 43
1, 9, 17, 25, 19, 27, 35, 43
1, 9, 17, 25, 31, 37, 43
1, 9, 17, 25, 31, 39, 43
1, 9, 17, 25, 33, 27, 21, 43
1, 9, 17, 25, 33, 27, 35, 43
1, 9, 17, 25, 33, 39, 43
1, 9, 17, 25, 33, 41, 43
2, 8, 43
2, 10, 4, 43
2, 10, 16, 22, 43
2, 10, 16, 24, 18, 12, 6, 43
2, 10, 16, 24, 18, 12, 20, 14, 43
2, 10, 16, 24, 18, 12, 20, 26, 32, 38, 43
2, 10, 16, 24, 18, 12, 20, 26, 32, 40, 43
2, 10, 16, 24, 18, 12, 20, 26, 34, 28, 43
2, 10, 16, 24, 18, 12, 20, 26, 34, 40, 43
2, 10, 16, 24, 18, 12, 20, 26, 34, 42, 43
2, 10, 16, 24, 18, 12, 20, 28, 43
2, 10, 16, 24, 18, 26, 20, 14, 43
2, 10, 16, 24, 18, 26, 20, 28, 43
2, 10, 16, 24, 18, 26, 32, 38, 43
2, 10, 16, 24, 18, 26, 32, 40, 43
2, 10, 16, 24, 18, 26, 34, 28, 43
2, 10, 16, 24, 18, 26, 34, 40, 43
2, 10, 16, 24, 18, 26, 34, 42, 43
2, 10, 16, 24, 30, 36, 43
2, 10, 16, 24, 30, 38, 43
2, 10, 16, 24, 32, 26, 20, 12, 6, 43
2, 10, 16, 24, 32, 26, 20, 14, 43
2, 10, 16, 24, 32, 26, 20, 28, 43
2, 10, 16, 24, 32, 26, 34, 28, 43
2, 10, 16, 24, 32, 26, 34, 40, 43
2, 10, 16, 24, 32, 26, 34, 42, 43
2, 10, 16, 24, 32, 38, 43
2, 10, 16, 24, 32, 40, 43
2, 10, 18, 12, 6, 43
2, 10, 18, 12, 20, 14, 43
2, 10, 18, 12, 20, 26, 32, 24, 30, 22, 43
2, 10, 18, 12, 20, 26, 32, 24, 30, 36, 43
2, 10, 18, 12, 20, 26, 32, 24, 30, 38, 43
2, 10, 18, 12, 20, 26, 32, 38, 43
2, 10, 18, 12, 20, 26, 32, 40, 43
2, 10, 18, 12, 20, 26, 34, 28, 43
2, 10, 18, 12, 20, 26, 34, 40, 43
2, 10, 18, 12, 20, 26, 34, 42, 43
2, 10, 18, 12, 20, 28, 43
2, 10, 18, 24, 30, 22, 43
2, 10, 18, 24, 30, 36, 43
2, 10, 18, 24, 30, 38, 43
2, 10, 18, 24, 32, 26, 20, 14, 43
2, 10, 18, 24, 32, 26, 20, 28, 43
2, 10, 18, 24, 32, 26, 34, 28, 43
2, 10, 18, 24, 32, 26, 34, 40, 43
2, 10, 18, 24, 32, 26, 34, 42, 43
2, 10, 18, 24, 32, 38, 43
2, 10, 18, 24, 32, 40, 43
2, 10, 18, 26, 20, 14, 43
2, 10, 18, 26, 20, 28, 43
2, 10, 18, 26, 32, 38, 43
2, 10, 18, 26, 32, 40, 43
2, 10, 18, 26, 34, 28, 43
2, 10, 18, 26, 34, 40, 43
2, 10, 18, 26, 34, 42, 43
3, 9, 15, 43
3, 9, 17, 11
3, 9, 17, 11, 5, 43
3, 9, 17, 11, 19, 13, 7, 43
3, 9, 17, 11, 19, 13, 21, 43
3, 9, 17, 11, 19, 25, 31, 23, 29, 43
3, 9, 17, 11, 19, 25, 31, 37, 43
3, 9, 17, 11, 19, 25, 31, 39, 43
3, 9, 17, 11, 19, 25, 33, 27, 21, 43
3, 9, 17, 11, 19, 25, 33, 27, 35, 43
3, 9, 17, 11, 19, 25, 33, 39, 43
3, 9, 17, 11, 19, 25, 33, 41, 43
3, 9, 17, 11, 19, 27, 21, 43
3, 9, 17, 11, 19, 27, 33, 39, 43
3, 9, 17, 11, 19, 27, 33, 41, 43
3, 9, 17, 11, 19, 27, 35, 43
3, 9, 17, 23, 29, 43
3, 9, 17, 23, 31, 25, 19, 13, 5, 43
3, 9, 17, 23, 31, 25, 19, 13, 7, 43
3, 9, 17, 23, 31, 25, 19, 13, 21, 43
3, 9, 17, 23, 31, 25, 19, 27, 21, 43
3, 9, 17, 23, 31, 25, 19, 27, 33, 39, 43
3, 9, 17, 23, 31, 25, 19, 27, 33, 41, 43
3, 9, 17, 23, 31, 25, 19, 27, 35, 43
3, 9, 17, 23, 31, 25, 33, 27, 21, 43
3, 9, 17, 23, 31, 25, 33, 27, 35, 43
3, 9, 17, 23, 31, 25, 33, 39, 43
3, 9, 17, 23, 31, 25, 33, 41, 43
3, 9, 17, 23, 31, 37, 43
3, 9, 17, 23, 31, 39, 43
3, 9, 17, 25, 19, 13, 5, 43
3, 9, 17, 25, 19, 13, 7, 43
3, 9, 17, 25, 19, 13, 21, 43
3, 9, 17, 25, 19, 27, 21, 43
3, 9, 17, 25, 19, 27, 33, 39, 43
3, 9, 17, 25, 19, 27, 33, 41, 43
3, 9, 17, 25, 19, 27, 35, 43
3, 9, 17, 25, 31, 37, 43
3, 9, 17, 25, 31, 39, 43
3, 9, 17, 25, 33, 27, 21, 43
3, 9, 17, 25, 33, 27, 35, 43
3, 9, 17, 25, 33, 39, 43
3, 9, 17, 25, 33, 41, 43
3, 11, 5, 43
3, 11, 17, 23, 15, 43
3, 11, 17, 23, 29, 43
3, 11, 17, 23, 31, 25, 19, 13, 7, 43
3, 11, 17, 23, 31, 25, 19, 13, 21, 43
3, 11, 17, 23, 31, 25, 19, 27, 21, 43
3, 11, 17, 23, 31, 25, 19, 27, 33, 39, 43
3, 11, 17, 23, 31, 25, 19, 27, 33, 41, 43
3, 11, 17, 23, 31, 25, 19, 27, 35, 43
3, 11, 17, 23, 31, 25, 33, 27, 21, 43
3, 11, 17, 23, 31, 25, 33, 27, 35, 43
3, 11, 17, 23, 31, 25, 33, 39, 43
3, 11, 17, 23, 31, 25, 33, 41, 43
3, 11, 17, 23, 31, 37, 43
3, 11, 17, 23, 31, 39, 43
3, 11, 17, 25, 19, 13, 7, 43
3, 11, 17, 25, 19, 13, 21, 43
3, 11, 17, 25, 19, 27, 21, 43
3, 11, 17, 25, 19, 27, 33, 39, 43
3, 11, 17, 25, 19, 27, 33, 41, 43
3, 11, 17, 25, 19, 27, 35, 43
3, 11, 17, 25, 31, 37, 43
3, 11, 17, 25, 31, 39, 43
3, 11, 17, 25, 33, 27, 21, 43
3, 11, 17, 25, 33, 27, 35, 43
3, 11, 17, 25, 33, 39, 43
3, 11, 17, 25, 33, 41, 43
3, 11, 19, 13, 7, 43
3, 11, 19, 13, 21, 43
3, 11, 19, 25, 31, 23, 15, 43
3, 11, 19, 25, 31, 23, 29, 43
3, 11, 19, 25, 31, 37, 43
3, 11, 19, 25, 31, 39, 43
3, 11, 19, 25, 33, 27, 21, 43
3, 11, 19, 25, 33, 27, 35, 43
3, 11, 19, 25, 33, 39, 43
3, 11, 19, 25, 33, 41, 43
3, 11, 19, 27, 21, 43
3, 11, 19, 27, 33, 39, 43
3, 11, 19, 27, 33, 41, 43
3, 11, 19, 27, 35, 43
4, 10, 16, 8, 43
4, 10, 16, 22, 43
4, 10, 16, 24, 18, 12
4, 10, 16, 24, 18, 12, 6, 43
4, 10, 16, 24, 18, 12, 20, 14, 43
4, 10, 16, 24, 18, 12, 20, 26, 32, 38, 43
4, 10, 16, 24, 18, 12, 20, 26, 32, 40, 43
4, 10, 16, 24, 18, 12, 20, 26, 34, 28, 43
4, 10, 16, 24, 18, 12, 20, 26, 34, 40, 43
4, 10, 16, 24, 18, 12, 20, 26, 34, 42, 43
4, 10, 16, 24, 18, 12, 20, 28, 43
4, 10, 16, 24, 18, 26, 20, 14, 43
4, 10, 16, 24, 18, 26, 20, 28, 43
4, 10, 16, 24, 18, 26, 32, 38, 43
4, 10, 16, 24, 18, 26, 32, 40, 43
4, 10, 16, 24, 18, 26, 34, 28, 43
4, 10, 16, 24, 18, 26, 34, 40, 43
4, 10, 16, 24, 18, 26, 34, 42, 43
4, 10, 16, 24, 30, 36, 43
4, 10, 16, 24, 30, 38, 43
4, 10, 16, 24, 32, 26, 20, 12
4, 10, 16, 24, 32, 26, 20, 12, 6, 43
4, 10, 16, 24, 32, 26, 20, 14, 43
4, 10, 16, 24, 32, 26, 20, 28, 43
4, 10, 16, 24, 32, 26, 34, 28, 43
4, 10, 16, 24, 32, 26, 34, 40, 43
4, 10, 16, 24, 32, 26, 34, 42, 43
4, 10, 16, 24, 32, 38, 43
4, 10, 16, 24, 32, 40, 43
4, 10, 18, 12
4, 10, 18, 12, 6, 43
4, 10, 18, 12, 20, 14, 43
4, 10, 18, 12, 20, 26, 32, 24, 30, 22, 43
4, 10, 18, 12, 20, 26, 32, 24, 30, 36, 43
4, 10, 18, 12, 20, 26, 32, 24, 30, 38, 43
4, 10, 18, 12, 20, 26, 32, 38, 43
4, 10, 18, 12, 20, 26, 32, 40, 43
4, 10, 18, 12, 20, 26, 34, 28, 43
4, 10, 18, 12, 20, 26, 34, 40, 43
4, 10, 18, 12, 20, 26, 34, 42, 43
4, 10, 18, 12, 20, 28, 43
4, 10, 18, 24, 30, 22, 43
4, 10, 18, 24, 30, 36, 43
4, 10, 18, 24, 30, 38, 43
4, 10, 18, 24, 32, 26, 20, 14, 43
4, 10, 18, 24, 32, 26, 20, 28, 43
4, 10, 18, 24, 32, 26, 34, 28, 43
4, 10, 18, 24, 32, 26, 34, 40, 43
4, 10, 18, 24, 32, 26, 34, 42, 43
4, 10, 18, 24, 32, 38, 43
4, 10, 18, 24, 32, 40, 43
4, 10, 18, 26, 20, 14, 43
4, 10, 18, 26, 20, 28, 43
4, 10, 18, 26, 32, 38, 43
4, 10, 18, 26, 32, 40, 43
4, 10, 18, 26, 34, 28, 43
4, 10, 18, 26, 34, 40, 43
4, 10, 18, 26, 34, 42, 43
4, 12, 6, 43
4, 12, 18, 24, 16, 8, 43
4, 12, 18, 24, 16, 22, 43
4, 12, 18, 24, 30, 22, 43
4, 12, 18, 24, 30, 36, 43
4, 12, 18, 24, 30, 38, 43
4, 12, 18, 24, 32, 26, 20, 14, 43
4, 12, 18, 24, 32, 26, 20, 28, 43
4, 12, 18, 24, 32, 26, 34, 28, 43
4, 12, 18, 24, 32, 26, 34, 40, 43
4, 12, 18, 24, 32, 26, 34, 42, 43
4, 12, 18, 24, 32, 38, 43
4, 12, 18, 24, 32, 40, 43
4, 12, 18, 26, 20, 14, 43
4, 12, 18, 26, 20, 28, 43
4, 12, 18, 26, 32, 38, 43
4, 12, 18, 26, 32, 40, 43
4, 12, 18, 26, 34, 28, 43
4, 12, 18, 26, 34, 40, 43
4, 12, 18, 26, 34, 42, 43
4, 12, 20, 14, 43
4, 12, 20, 26, 32, 24, 16, 8, 43
4, 12, 20, 26, 32, 24, 16, 22, 43
4, 12, 20, 26, 32, 24, 30, 22, 43
4, 12, 20, 26, 32, 24, 30, 36, 43
4, 12, 20, 26, 32, 24, 30, 38, 43
4, 12, 20, 26, 32, 38, 43
4, 12, 20, 26, 32, 40, 43
4, 12, 20, 26, 34, 28, 43
4, 12, 20, 26, 34, 40, 43
4, 12, 20, 26, 34, 42, 43
4, 12, 20, 28, 43
5, 11, 17, 9, 15, 43
5, 11, 17, 23, 15, 43
5, 11, 17, 23, 29, 43
5, 11, 17, 23, 31, 25, 19, 13
5, 11, 17, 23, 31, 25, 19, 13, 7, 43
5, 11, 17, 23, 31, 25, 19, 13, 21, 43
5, 11, 17, 23, 31, 25, 19, 27, 21, 43
5, 11, 17, 23, 31, 25, 19, 27, 33, 39, 43
5, 11, 17, 23, 31, 25, 19, 27, 33, 41, 43
5, 11, 17, 23, 31, 25, 19, 27, 35, 43
5, 11, 17, 23, 31, 25, 33, 27, 21, 43
5, 11, 17, 23, 31, 25, 33, 27, 35, 43
5, 11, 17, 23, 31, 25, 33, 39, 43
5, 11, 17, 23, 31, 25, 33, 41, 43
5, 11, 17, 23, 31, 37, 43
5, 11, 17, 23, 31, 39, 43
5, 11, 17, 25, 19, 13
5, 11, 17, 25, 19, 13, 7, 43
5, 11, 17, 25, 19, 13, 21, 43
5, 11, 17, 25, 19, 27, 21, 43
5, 11, 17, 25, 19, 27, 33, 39, 43
5, 11, 17, 25, 19, 27, 33, 41, 43
5, 11, 17, 25, 19, 27, 35, 43
5, 11, 17, 25, 31, 37, 43
5, 11, 17, 25, 31, 39, 43
5, 11, 17, 25, 33, 27, 21, 43
5, 11, 17, 25, 33, 27, 35, 43
5, 11, 17, 25, 33, 39, 43
5, 11, 17, 25, 33, 41, 43
5, 11, 19, 13
5, 11, 19, 13, 7, 43
5, 11, 19, 13, 21, 43
5, 11, 19, 25, 31, 23, 15, 43
5, 11, 19, 25, 31, 23, 29, 43
5, 11, 19, 25, 31, 37, 43
5, 11, 19, 25, 31, 39, 43
5, 11, 19, 25, 33, 27, 21, 43
5, 11, 19, 25, 33, 27, 35, 43
5, 11, 19, 25, 33, 39, 43
5, 11, 19, 25, 33, 41, 43
5, 11, 19, 27, 21, 43
5, 11, 19, 27, 33, 39, 43
5, 11, 19, 27, 33, 41, 43
5, 11, 19, 27, 35, 43
5, 13, 7, 43
5, 13, 19, 25, 17, 9, 15, 43
5, 13, 19, 25, 17, 23, 15, 43
5, 13, 19, 25, 17, 23, 29, 43
5, 13, 19, 25, 17, 23, 31, 37, 43
5, 13, 19, 25, 17, 23, 31, 39, 43
5, 13, 19, 25, 31, 23, 15, 43
5, 13, 19, 25, 31, 23, 29, 43
5, 13, 19, 25, 31, 37, 43
5, 13, 19, 25, 31, 39, 43
5, 13, 19, 25, 33, 27, 21, 43
5, 13, 19, 25, 33, 27, 35, 43
5, 13, 19, 25, 33, 39, 43
5, 13, 19, 25, 33, 41, 43
5, 13, 19, 27, 21, 43
5, 13, 19, 27, 33, 39, 43
5, 13, 19, 27, 33, 41, 43
5, 13, 19, 27, 35, 43
5, 13, 21, 43
6, 12, 18, 10, 16, 8, 43
6, 12, 18, 10, 16, 22, 43
6, 12, 18, 10, 16, 24, 30, 36, 43
6, 12, 18, 10, 16, 24, 30, 38, 43
6, 12, 18, 10, 16, 24, 32, 26, 20, 14
6, 12, 18, 10, 16, 24, 32, 26, 20, 14, 43
6, 12, 18, 10, 16, 24, 32, 26, 20, 28, 43
6, 12, 18, 10, 16, 24, 32, 26, 34, 28, 43
6, 12, 18, 10, 16, 24, 32, 26, 34, 40, 43
6, 12, 18, 10, 16, 24, 32, 26, 34, 42, 43
6, 12, 18, 10, 16, 24, 32, 38, 43
6, 12, 18, 10, 16, 24, 32, 40, 43
6, 12, 18, 24, 16, 8, 43
6, 12, 18, 24, 16, 22, 43
6, 12, 18, 24, 30, 22, 43
6, 12, 18, 24, 30, 36, 43
6, 12, 18, 24, 30, 38, 43
6, 12, 18, 24, 32, 26, 20, 14
6, 12, 18, 24, 32, 26, 20, 14, 43
6, 12, 18, 24, 32, 26, 20, 28, 43
6, 12, 18, 24, 32, 26, 34, 28, 43
6, 12, 18, 24, 32, 26, 34, 40, 43
6, 12, 18, 24, 32, 26, 34, 42, 43
6, 12, 18, 24, 32, 38, 43
6, 12, 18, 24, 32, 40, 43
6, 12, 18, 26, 20, 14
6, 12, 18, 26, 20, 14, 43
6, 12, 18, 26, 20, 28, 43
6, 12, 18, 26, 32, 38, 43
6, 12, 18, 26, 32, 40, 43
6, 12, 18, 26, 34, 28, 43
6, 12, 18, 26, 34, 40, 43
6, 12, 18, 26, 34, 42, 43
6, 12, 20, 14
6, 12, 20, 14, 43
6, 12, 20, 26, 32, 24, 16, 8, 43
6, 12, 20, 26, 32, 24, 16, 22, 43
6, 12, 20, 26, 32, 24, 30, 22, 43
6, 12, 20, 26, 32, 24, 30, 36, 43
6, 12, 20, 26, 32, 24, 30, 38, 43
6, 12, 20, 26, 32, 38, 43
6, 12, 20, 26, 32, 40, 43
6, 12, 20, 26, 34, 28, 43
6, 12, 20, 26, 34, 40, 43
6, 12, 20, 26, 34, 42, 43
6, 12, 20, 28, 43
6, 14, 43
7, 13, 19, 11, 17, 9, 15, 43
7, 13, 19, 11, 17, 23, 15, 43
7, 13, 19, 11, 17, 23, 29, 43
7, 13, 19, 11, 17, 23, 31, 25, 33, 27, 21, 43
7, 13, 19, 11, 17, 23, 31, 25, 33, 27, 35, 43
7, 13, 19, 11, 17, 23, 31, 25, 33, 39, 43
7, 13, 19, 11, 17, 23, 31, 25, 33, 41, 43
7, 13, 19, 11, 17, 23, 31, 37, 43
7, 13, 19, 11, 17, 23, 31, 39, 43
7, 13, 19, 11, 17, 25, 31, 37, 43
7, 13, 19, 11, 17, 25, 31, 39, 43
7, 13, 19, 11, 17, 25, 33, 27, 21, 43
7, 13, 19, 11, 17, 25, 33, 27, 35, 43
7, 13, 19, 11, 17, 25, 33, 39, 43
7, 13, 19, 11, 17, 25, 33, 41, 43
7, 13, 19, 25, 17, 9, 15, 43
7, 13, 19, 25, 17, 23, 15, 43
7, 13, 19, 25, 17, 23, 29, 43
7, 13, 19, 25, 17, 23, 31, 37, 43
7, 13, 19, 25, 17, 23, 31, 39, 43
7, 13, 19, 25, 31, 23, 15, 43
7, 13, 19, 25, 31, 23, 29, 43
7, 13, 19, 25, 31, 37, 43
7, 13, 19, 25, 31, 39, 43
7, 13, 19, 25, 33, 27, 21, 43
7, 13, 19, 25, 33, 27, 35, 43
7, 13, 19, 25, 33, 39, 43
7, 13, 19, 25, 33, 41, 43
7, 13, 19, 27, 21, 43
7, 13, 19, 27, 33, 39, 43
7, 13, 19, 27, 33, 41, 43
7, 13, 19, 27, 35, 43
7, 13, 21, 43
8, 16, 10, 18, 12, 20, 14, 43
8, 16, 10, 18, 12, 20, 26, 32, 24, 30, 22, 43
8, 16, 10, 18, 12, 20, 26, 32, 24, 30, 36, 43
8, 16, 10, 18, 12, 20, 26, 32, 24, 30, 38, 43
8, 16, 10, 18, 12, 20, 26, 32, 38, 43
8, 16, 10, 18, 12, 20, 26, 32, 40, 43
8, 16, 10, 18, 12, 20, 26, 34, 28, 43
8, 16, 10, 18, 12, 20, 26, 34, 40, 43
8, 16, 10, 18, 12, 20, 26, 34, 42, 43
8, 16, 10, 18, 12, 20, 28, 43
8, 16, 10, 18, 24, 30, 22, 43
8, 16, 10, 18, 24, 30, 36, 43
8, 16, 10, 18, 24, 30, 38, 43
8, 16, 10, 18, 24, 32, 26, 20, 14, 43
8, 16, 10, 18, 24, 32, 26, 20, 28, 43
8, 16, 10, 18, 24, 32, 26, 34, 28, 43
8, 16, 10, 18, 24, 32, 26, 34, 40, 43
8, 16, 10, 18, 24, 32, 26, 34, 42, 43
8, 16, 10, 18, 24, 32, 38, 43
8, 16, 10, 18, 24, 32, 40, 43
8, 16, 10, 18, 26, 20, 14, 43
8, 16, 10, 18, 26, 20, 28, 43
8, 16, 10, 18, 26, 32, 38, 43
8, 16, 10, 18, 26, 32, 40, 43
8, 16, 10, 18, 26, 34, 28, 43
8, 16, 10, 18, 26, 34, 40, 43
8, 16, 10, 18, 26, 34, 42, 43
8, 16, 22, 43
8, 16, 24, 18, 12, 20, 14, 43
8, 16, 24, 18, 12, 20, 26, 32, 38, 43
8, 16, 24, 18, 12, 20, 26, 32, 40, 43
8, 16, 24, 18, 12, 20, 26, 34, 28, 43
8, 16, 24, 18, 12, 20, 26, 34, 40, 43
8, 16, 24, 18, 12, 20, 26, 34, 42, 43
8, 16, 24, 18, 12, 20, 28, 43
8, 16, 24, 18, 26, 20, 14, 43
8, 16, 24, 18, 26, 20, 28, 43
8, 16, 24, 18, 26, 32, 38, 43
8, 16, 24, 18, 26, 32, 40, 43
8, 16, 24, 18, 26, 34, 28, 43
8, 16, 24, 18, 26, 34, 40, 43
8, 16, 24, 18, 26, 34, 42, 43
8, 16, 24, 30, 36, 43
8, 16, 24, 30, 38, 43
8, 16, 24, 32, 26, 20, 14, 43
8, 16, 24, 32, 26, 20, 28, 43
8, 16, 24, 32, 26, 34, 28, 43
8, 16, 24, 32, 26, 34, 40, 43
8, 16, 24, 32, 26, 34, 42, 43
8, 16, 24, 32, 38, 43
8, 16, 24, 32, 40, 43
9, 15, 23, 17
10, 16, 22, 30, 24, 18
10, 16, 24, 18
11, 17, 23, 31, 25, 19
11, 17, 23, 31, 39, 33, 27, 19
11, 17, 25, 19
12, 18, 24, 30, 38, 32, 26, 20
12, 18, 24, 32, 26, 20
12, 18, 26, 20
13, 19, 25, 17, 23, 15, 43, 21
13, 19, 25, 17, 23, 29, 43, 21
13, 19, 25, 17, 23, 31, 37, 43, 21
13, 19, 25, 17, 23, 31, 39, 33, 27, 21
13, 19, 25, 17, 23, 31, 39, 43, 21
13, 19, 25, 31, 23, 15, 43, 21
13, 19, 25, 31, 23, 29, 43, 21
13, 19, 25, 31, 37, 43, 21
13, 19, 25, 31, 39, 33, 27, 21
13, 19, 25, 31, 39, 43, 21
13, 19, 25, 33, 27, 21
13, 19, 25, 33, 39, 43, 21
13, 19, 25, 33, 41, 43, 21
13, 19, 27, 21
14, 20, 26, 18, 24, 16, 22, 43
14, 20, 26, 18, 24, 30, 22, 43
14, 20, 26, 18, 24, 30, 36, 43
14, 20, 26, 18, 24, 30, 38, 43
14, 20, 26, 18, 24, 32, 38, 43
14, 20, 26, 18, 24, 32, 40, 43
14, 20, 26, 32, 24, 16, 22, 43
14, 20, 26, 32, 24, 30, 22, 43
14, 20, 26, 32, 24, 30, 36, 43
14, 20, 26, 32, 24, 30, 38, 43
14, 20, 26, 32, 38, 43
14, 20, 26, 32, 40, 43
14, 20, 26, 34, 28, 43
14, 20, 26, 34, 40, 43
14, 20, 26, 34, 42, 43
14, 20, 28, 43
15, 23, 17, 25, 19, 27, 21, 43
15, 23, 17, 25, 19, 27, 33, 39, 43
15, 23, 17, 25, 19, 27, 33, 41, 43
15, 23, 17, 25, 19, 27, 35, 43
15, 23, 17, 25, 31, 37, 43
15, 23, 17, 25, 31, 39, 43
15, 23, 17, 25, 33, 27, 21, 43
15, 23, 17, 25, 33, 27, 35, 43
15, 23, 17, 25, 33, 39, 43
15, 23, 17, 25, 33, 41, 43
15, 23, 29, 43
15, 23, 31, 25, 19, 27, 21, 43
15, 23, 31, 25, 19, 27, 33, 39, 43
15, 23, 31, 25, 19, 27, 33, 41, 43
15, 23, 31, 25, 19, 27, 35, 43
15, 23, 31, 25, 33, 27, 21, 43
15, 23, 31, 25, 33, 27, 35, 43
15, 23, 31, 25, 33, 39, 43
15, 23, 31, 25, 33, 41, 43
15, 23, 31, 37, 43
15, 23, 31, 39, 43
16, 22, 30, 24
17, 23, 31, 25
18, 24, 30, 38, 32, 26
18, 24, 32, 26
19, 25, 31, 39, 33, 27
19, 25, 33, 27
20, 26, 32, 24, 30, 22, 43, 28
20, 26, 32, 24, 30, 36, 43, 28
20, 26, 32, 24, 30, 38, 43, 28
20, 26, 32, 38, 43, 28
20, 26, 32, 40, 34, 28
20, 26, 32, 40, 43, 28
20, 26, 34, 28
21, 27, 33, 25, 31, 23, 29, 43
21, 27, 33, 25, 31, 37, 43
21, 27, 33, 25, 31, 39, 43
21, 27, 33, 39, 43
21, 27, 33, 41, 43
21, 27, 35, 43
22, 30, 24, 32, 26, 34, 28, 43
22, 30, 24, 32, 26, 34, 40, 43
22, 30, 24, 32, 26, 34, 42, 43
22, 30, 24, 32, 38, 43
22, 30, 24, 32, 40, 43
22, 30, 36, 43
22, 30, 38, 43
24, 30, 38, 32
25, 31, 39, 33
26, 32, 40, 34
27, 33, 39, 43, 35
27, 33, 41, 35
28, 34, 40, 43
28, 34, 42, 43
29, 37, 43
30, 36, 43, 38
31, 37, 43, 39
32, 38, 43, 40
33, 39, 43, 41
34, 40, 43, 42
35, 41, 43
