1, 8, 3, 49
1, 8, 13, 49
1, 8, 15, 10, 5, 49
1, 8, 15, 10, 17, 12, 49
1, 8, 15, 10, 17, 22, 27, 20, 25, 49
1, 8, 15, 10, 17, 22, 27, 32, 25, 49
1, 8, 15, 10, 17, 22, 27, 32, 37, 49
1, 8, 15, 10, 17, 22, 27, 32, 39, 34, 29, 24, 49
1, 8, 15, 10, 17, 22, 27, 32, 39, 34, 29, 36, 49
1, 8, 15, 10, 17, 22, 27, 32, 39, 34, 41, 36, 49
1, 8, 15, 10, 17, 22, 27, 32, 39, 34, 41, 46, 49
1, 8, 15, 10, 17, 22, 27, 32, 39, 34, 41, 48, 49
1, 8, 15, 10, 17, 22, 27, 32, 39, 44, 49
1, 8, 15, 10, 17, 22, 27, 32, 39, 46, 49
1, 8, 15, 10, 17, 22, 27, 34, 29, 24, 49
1, 8, 15, 10, 17, 22, 27, 34, 29, 36, 49
1, 8, 15, 10, 17, 22, 27, 34, 39, 44, 49
1, 8, 15, 10, 17, 22, 27, 34, 39, 46, 49
1, 8, 15, 10, 17, 22, 27, 34, 41, 36, 49
1, 8, 15, 10, 17, 22, 27, 34, 41, 46, 49
1, 8, 15, 10, 17, 22, 27, 34, 41, 48, 49
1, 8, 15, 10, 17, 22, 29, 24, 49
1, 8, 15, 10, 17, 22, 29, 34, 39, 32, 25, 49
1, 8, 15, 10, 17, 22, 29, 34, 39, 32, 37, 49
1, 8, 15, 10, 17, 22, 29, 34, 39, 44, 49
1, 8, 15, 10, 17, 22, 29, 34, 39, 46, 49
1, 8, 15, 10, 17, 22, 29, 34, 41, 36, 49
1, 8, 15, 10, 17, 22, 29, 34, 41, 46, 49
1, 8, 15, 10, 17, 22, 29, 34, 41, 48, 49
1, 8, 15, 10, 17, 22, 29, 36, 49
1, 8, 15, 10, 17, 24, 49
1, 8, 15, 20, 25, 49
1, 8, 15, 20, 27, 22, 17, 12, 49
1, 8, 15, 20, 27, 22, 17, 24, 49
1, 8, 15, 20, 27, 22, 29, 24, 49
1, 8, 15, 20, 27, 22, 29, 34, 39, 32, 37, 49
1, 8, 15, 20, 27, 22, 29, 34, 39, 44, 49
1, 8, 15, 20, 27, 22, 29, 34, 39, 46, 49
1, 8, 15, 20, 27, 22, 29, 34, 41, 36, 49
1, 8, 15, 20, 27, 22, 29, 34, 41, 46, 49
1, 8, 15, 20, 27, 22, 29, 34, 41, 48, 49
1, 8, 15, 20, 27, 22, 29, 36, 49
1, 8, 15, 20, 27, 32, 37, 49
1, 8, 15, 20, 27, 32, 39, 34, 29, 24, 49
1, 8, 15, 20, 27, 32, 39, 34, 29, 36, 49
1, 8, 15, 20, 27, 32, 39, 34, 41, 36, 49
1, 8, 15, 20, 27, 32, 39, 34, 41, 46, 49
1, 8, 15, 20, 27, 32, 39, 34, 41, 48, 49
1, 8, 15, 20, 27, 32, 39, 44, 49
1, 8, 15, 20, 27, 32, 39, 46, 49
1, 8, 15, 20, 27, 34, 29, 24, 49
1, 8, 15, 20, 27, 34, 29, 36, 49
1, 8, 15, 20, 27, 34, 39, 44, 49
1, 8, 15, 20, 27, 34, 39, 46, 49
1, 8, 15, 20, 27, 34, 41, 36, 49
1, 8, 15, 20, 27, 34, 41, 46, 49
1, 8, 15, 20, 27, 34, 41, 48, 49
1, 8, 15, 22, 17, 12, 49
1, 8, 15, 22, 17, 24, 49
1, 8, 15, 22, 27, 32, 25, 49
1, 8, 15, 22, 27, 32, 37, 49
1, 8, 15, 22, 27, 32, 39, 34, 29, 24, 49
1, 8, 15, 22, 27, 32, 39, 34, 29, 36, 49
1, 8, 15, 22, 27, 32, 39, 34, 41, 36, 49
1, 8, 15, 22, 27, 32, 39, 34, 41, 46, 49
1, 8, 15, 22, 27, 32, 39, 34, 41, 48, 49
1, 8, 15, 22, 27, 32, 39, 44, 49
1, 8, 15, 22, 27, 32, 39, 46, 49
1, 8, 15, 22, 27, 34, 29, 24, 49
1, 8, 15, 22, 27, 34, 29, 36, 49
1, 8, 15, 22, 27, 34, 39, 44, 49
1, 8, 15, 22, 27, 34, 39, 46, 49
1, 8, 15, 22, 27, 34, 41, 36, 49
1, 8, 15, 22, 27, 34, 41, 46, 49
1, 8, 15, 22, 27, 34, 41, 48, 49
1, 8, 15, 22, 29, 24, 49
1, 8, 15, 22, 29, 34, 39, 32, 25, 49
1, 8, 15, 22, 29, 34, 39, 32, 37, 49
1, 8, 15, 22, 29, 34, 39, 44, 49
1, 8, 15, 22, 29, 34, 39, 46, 49
1, 8, 15, 22, 29, 34, 41, 36, 49
1, 8, 15, 22, 29, 34, 41, 46, 49
1, 8, 15, 22, 29, 34, 41, 48, 49
1, 8, 15, 22, 29, 36, 49
2, 7, 49
2, 9, 4, 49
2, 9, 14, 19, 49
2, 9, 14, 21, 16, 11, 6, 49
2, 9, 14, 21, 16, 11, 18, 49
2, 9, 14, 21, 16, 23, 18, 49
2, 9, 14, 21, 16, 23, 28, 33, 26, 31, 49
2, 9, 14, 21, 16, 23, 28, 33, 38, 31, 49
2, 9, 14, 21, 16, 23, 28, 33, 38, 43, 49
2, 9, 14, 21, 16, 23, 28, 33, 38, 45, 49
2, 9, 14, 21, 16, 23, 28, 33, 40, 35, 30, 49
2, 9, 14, 21, 16, 23, 28, 33, 40, 35, 42, 49
2, 9, 14, 21, 16, 23, 28, 33, 40, 45, 49
2, 9, 14, 21, 16, 23, 28, 33, 40, 47, 49
2, 9, 14, 21, 16, 23, 28, 35, 30, 49
2, 9, 14, 21, 16, 23, 28, 35, 40, 45, 49
2, 9, 14, 21, 16, 23, 28, 35, 40, 47, 49
2, 9, 14, 21, 16, 23, 28, 35, 42, 49
2, 9, 14, 21, 16, 23, 30, 49
2, 9, 14, 21, 26, 31, 49
2, 9, 14, 21, 26, 33, 28, 23, 18, 49
2, 9, 14, 21, 26, 33, 28, 23, 30, 49
2, 9, 14, 21, 26, 33, 28, 35, 30, 49
2, 9, 14, 21, 26, 33, 28, 35, 40, 45, 49
2, 9, 14, 21, 26, 33, 28, 35, 40, 47, 49
2, 9, 14, 21, 26, 33, 28, 35, 42, 49
2, 9, 14, 21, 26, 33, 38, 43, 49
2, 9, 14, 21, 26, 33, 38, 45, 49
2, 9, 14, 21, 26, 33, 40, 35, 30, 49
2, 9, 14, 21, 26, 33, 40, 35, 42, 49
2, 9, 14, 21, 26, 33, 40, 45, 49
2, 9, 14, 21, 26, 33, 40, 47, 49
2, 9, 14, 21, 28, 23, 18, 49
2, 9, 14, 21, 28, 23, 30, 49
2, 9, 14, 21, 28, 33, 38, 31, 49
2, 9, 14, 21, 28, 33, 38, 43, 49
2, 9, 14, 21, 28, 33, 38, 45, 49
2, 9, 14, 21, 28, 33, 40, 35, 30, 49
2, 9, 14, 21, 28, 33, 40, 35, 42, 49
2, 9, 14, 21, 28, 33, 40, 45, 49
2, 9, 14, 21, 28, 33, 40, 47, 49
2, 9, 14, 21, 28, 35, 30, 49
2, 9, 14, 21, 28, 35, 40, 45, 49
2, 9, 14, 21, 28, 35, 40, 47, 49
2, 9, 14, 21, 28, 35, 42, 49
2, 9, 16, 11, 6, 49
2, 9, 16, 11, 18, 49
2, 9, 16, 21, 26, 19, 49
2, 9, 16, 21, 26, 31, 49
2, 9, 16, 21, 26, 33, 28, 23, 18, 49
2, 9, 16, 21, 26, 33, 28, 23, 30, 49
2, 9, 16, 21, 26, 33, 28, 35, 30, 49
2, 9, 16, 21, 26, 33, 28, 35, 40, 45, 49
2, 9, 16, 21, 26, 33, 28, 35, 40, 47, 49
2, 9, 16, 21, 26, 33, 28, 35, 42, 49
2, 9, 16, 21, 26, 33, 38, 43, 49
2, 9, 16, 21, 26, 33, 38, 45, 49
2, 9, 16, 21, 26, 33, 40, 35, 30, 49
2, 9, 16, 21, 26, 33, 40, 35, 42, 49
2, 9, 16, 21, 26, 33, 40, 45, 49
2, 9, 16, 21, 26, 33, 40, 47, 49
2, 9, 16, 21, 28, 23, 18, 49
2, 9, 16, 21, 28, 23, 30, 49
2, 9, 16, 21, 28, 33, 38, 31, 49
2, 9, 16, 21, 28, 33, 38, 43, 49
2, 9, 16, 21, 28, 33, 38, 45, 49
2, 9, 16, 21, 28, 33, 40, 35, 30, 49
2, 9, 16, 21, 28, 33, 40, 35, 42, 49
2, 9, 16, 21, 28, 33, 40, 45, 49
2, 9, 16, 21, 28, 33, 40, 47, 49
2, 9, 16, 21, 28, 35, 30, 49
2, 9, 16, 21, 28, 35, 40, 45, 49
2, 9, 16, 21, 28, 35, 40, 47, 49
2, 9, 16, 21, 28, 35, 42, 49
2, 9, 16, 23, 18, 49
2, 9, 16, 23, 28, 33, 26, 19, 49
2, 9, 16, 23, 28, 33, 26, 31, 49
2, 9, 16, 23, 28, 33, 38, 31, 49
2, 9, 16, 23, 28, 33, 38, 43, 49
2, 9, 16, 23, 28, 33, 38, 45, 49
2, 9, 16, 23, 28, 33, 40, 35, 30, 49
2, 9, 16, 23, 28, 33, 40, 35, 42, 49
2, 9, 16, 23, 28, 33, 40, 45, 49
2, 9, 16, 23, 28, 33, 40, 47, 49
2, 9, 16, 23, 28, 35, 30, 49
2, 9, 16, 23, 28, 35, 40, 45, 49
2, 9, 16, 23, 28, 35, 40, 47, 49
2, 9, 16, 23, 28, 35, 42, 49
2, 9, 16, 23, 30, 49
3, 8, 13, 49
3, 8, 15, 10
3, 8, 15, 10, 5, 49
3, 8, 15, 10, 17, 12, 49
3, 8, 15, 10, 17, 22, 27, 20, 25, 49
3, 8, 15, 10, 17, 22, 27, 32, 25, 49
3, 8, 15, 10, 17, 22, 27, 32, 37, 49
3, 8, 15, 10, 17, 22, 27, 32, 39, 34, 29, 24, 49
3, 8, 15, 10, 17, 22, 27, 32, 39, 34, 29, 36, 49
3, 8, 15, 10, 17, 22, 27, 32, 39, 34, 41, 36, 49
3, 8, 15, 10, 17, 22, 27, 32, 39, 34, 41, 46, 49
3, 8, 15, 10, 17, 22, 27, 32, 39, 34, 41, 48, 49
3, 8, 15, 10, 17, 22, 27, 32, 39, 44, 49
3, 8, 15, 10, 17, 22, 27, 32, 39, 46, 49
3, 8, 15, 10, 17, 22, 27, 34, 29, 24, 49
3, 8, 15, 10, 17, 22, 27, 34, 29, 36, 49
3, 8, 15, 10, 17, 22, 27, 34, 39, 44, 49
3, 8, 15, 10, 17, 22, 27, 34, 39, 46, 49
3, 8, 15, 10, 17, 22, 27, 34, 41, 36, 49
3, 8, 15, 10, 17, 22, 27, 34, 41, 46, 49
3, 8, 15, 10, 17, 22, 27, 34, 41, 48, 49
3, 8, 15, 10, 17, 22, 29, 24, 49
3, 8, 15, 10, 17, 22, 29, 34, 39, 32, 25, 49
3, 8, 15, 10, 17, 22, 29, 34, 39, 32, 37, 49
3, 8, 15, 10, 17, 22, 29, 34, 39, 44, 49
3, 8, 15, 10, 17, 22, 29, 34, 39, 46, 49
3, 8, 15, 10, 17, 22, 29, 34, 41, 36, 49
3, 8, 15, 10, 17, 22, 29, 34, 41, 46, 49
3, 8, 15, 10, 17, 22, 29, 34, 41, 48, 49
3, 8, 15, 10, 17, 22, 29, 36, 49
3, 8, 15, 10, 17, 24, 49
3, 8, 15, 20, 25, 49
3, 8, 15, 20, 27, 22, 17, 12, 49
3, 8, 15, 20, 27, 22, 17, 24, 49
3, 8, 15, 20, 27, 22, 29, 24, 49
3, 8, 15, 20, 27, 22, 29, 34, 39, 32, 37, 49
3, 8, 15, 20, 27, 22, 29, 34, 39, 44, 49
3, 8, 15, 20, 27, 22, 29, 34, 39, 46, 49
3, 8, 15, 20, 27, 22, 29, 34, 41, 36, 49
3, 8, 15, 20, 27, 22, 29, 34, 41, 46, 49
3, 8, 15, 20, 27, 22, 29, 34, 41, 48, 49
3, 8, 15, 20, 27, 22, 29, 36, 49
3, 8, 15, 20, 27, 32, 37, 49
3, 8, 15, 20, 27, 32, 39, 34, 29, 24, 49
3, 8, 15, 20, 27, 32, 39, 34, 29, 36, 49
3, 8, 15, 20, 27, 32, 39, 34, 41, 36, 49
3, 8, 15, 20, 27, 32, 39, 34, 41, 46, 49
3, 8, 15, 20, 27, 32, 39, 34, 41, 48, 49
3, 8, 15, 20, 27, 32, 39, 44, 49
3, 8, 15, 20, 27, 32, 39, 46, 49
3, 8, 15, 20, 27, 34, 29, 24, 49
3, 8, 15, 20, 27, 34, 29, 36, 49
3, 8, 15, 20, 27, 34, 39, 44, 49
3, 8, 15, 20, 27, 34, 39, 46, 49
3, 8, 15, 20, 27, 34, 41, 36, 49
3, 8, 15, 20, 27, 34, 41, 46, 49
3, 8, 15, 20, 27, 34, 41, 48, 49
3, 8, 15, 22, 17, 12, 49
3, 8, 15, 22, 17, 24, 49
3, 8, 15, 22, 27, 32, 25, 49
3, 8, 15, 22, 27, 32, 37, 49
3, 8, 15, 22, 27, 32, 39, 34, 29, 24, 49
3, 8, 15, 22, 27, 32, 39, 34, 29, 36, 49
3, 8, 15, 22, 27, 32, 39, 34, 41, 36, 49
3, 8, 15, 22, 27, 32, 39, 34, 41, 46, 49
3, 8, 15, 22, 27, 32, 39, 34, 41, 48, 49
3, 8, 15, 22, 27, 32, 39, 44, 49
3, 8, 15, 22, 27, 32, 39, 46, 49
3, 8, 15, 22, 27, 34, 29, 24, 49
3, 8, 15, 22, 27, 34, 29, 36, 49
3, 8, 15, 22, 27, 34, 39, 44, 49
3, 8, 15, 22, 27, 34, 39, 46, 49
3, 8, 15, 22, 27, 34, 41, 36, 49
3, 8, 15, 22, 27, 34, 41, 46, 49
3, 8, 15, 22, 27, 34, 41, 48, 49
3, 8, 15, 22, 29, 24, 49
3, 8, 15, 22, 29, 34, 39, 32, 25, 49
3, 8, 15, 22, 29, 34, 39, 32, 37, 49
3, 8, 15, 22, 29, 34, 39, 44, 49
3, 8, 15, 22, 29, 34, 39, 46, 49
3, 8, 15, 22, 29, 34, 41, 36, 49
3, 8, 15, 22, 29, 34, 41, 46, 49
3, 8, 15, 22, 29, 34, 41, 48, 49
3, 8, 15, 22, 29, 36, 49
3, 10, 5, 49
3, 10, 15, 20, 13, 49
3, 10, 15, 20, 25, 49
3, 10, 15, 20, 27, 22, 17, 12, 49
3, 10, 15, 20, 27, 22, 17, 24, 49
3, 10, 15, 20, 27, 22, 29, 24, 49
3, 10, 15, 20, 27, 22, 29, 34, 39, 32, 37, 49
3, 10, 15, 20, 27, 22, 29, 34, 39, 44, 49
3, 10, 15, 20, 27, 22, 29, 34, 39, 46, 49
3, 10, 15, 20, 27, 22, 29, 34, 41, 36, 49
3, 10, 15, 20, 27, 22, 29, 34, 41, 46, 49
3, 10, 15, 20, 27, 22, 29, 34, 41, 48, 49
3, 10, 15, 20, 27, 22, 29, 36, 49
3, 10, 15, 20, 27, 32, 37, 49
3, 10, 15, 20, 27, 32, 39, 34, 29, 24, 49
3, 10, 15, 20, 27, 32, 39, 34, 29, 36, 49
3, 10, 15, 20, 27, 32, 39, 34, 41, 36, 49
3, 10, 15, 20, 27, 32, 39, 34, 41, 46, 49
3, 10, 15, 20, 27, 32, 39, 34, 41, 48, 49
3, 10, 15, 20, 27, 32, 39, 44, 49
3, 10, 15, 20, 27, 32, 39, 46, 49
3, 10, 15, 20, 27, 34, 29, 24, 49
3, 10, 15, 20, 27, 34, 29, 36, 49
3, 10, 15, 20, 27, 34, 39, 44, 49
3, 10, 15, 20, 27, 34, 39, 46, 49
3, 10, 15, 20, 27, 34, 41, 36, 49
3, 10, 15, 20, 27, 34, 41, 46, 49
3, 10, 15, 20, 27, 34, 41, 48, 49
3, 10, 15, 22, 17, 12, 49
3, 10, 15, 22, 17, 24, 49
3, 10, 15, 22, 27, 32, 25, 49
3, 10, 15, 22, 27, 32, 37, 49
3, 10, 15, 22, 27, 32, 39, 34, 29, 24, 49
3, 10, 15, 22, 27, 32, 39, 34, 29, 36, 49
3, 10, 15, 22, 27, 32, 39, 34, 41, 36, 49
3, 10, 15, 22, 27, 32, 39, 34, 41, 46, 49
3, 10, 15, 22, 27, 32, 39, 34, 41, 48, 49
3, 10, 15, 22, 27, 32, 39, 44, 49
3, 10, 15, 22, 27, 32, 39, 46, 49
3, 10, 15, 22, 27, 34, 29, 24, 49
3, 10, 15, 22, 27, 34, 29, 36, 49
3, 10, 15, 22, 27, 34, 39, 44, 49
3, 10, 15, 22, 27, 34, 39, 46, 49
3, 10, 15, 22, 27, 34, 41, 36, 49
3, 10, 15, 22, 27, 34, 41, 46, 49
3, 10, 15, 22, 27, 34, 41, 48, 49
3, 10, 15, 22, 29, 24, 49
3, 10, 15, 22, 29, 34, 39, 32, 25, 49
3, 10, 15, 22, 29, 34, 39, 32, 37, 49
3, 10, 15, 22, 29, 34, 39, 44, 49
3, 10, 15, 22, 29, 34, 39, 46, 49
3, 10, 15, 22, 29, 34, 41, 36, 49
3, 10, 15, 22, 29, 34, 41, 46, 49
3, 10, 15, 22, 29, 34, 41, 48, 49
3, 10, 15, 22, 29, 36, 49
3, 10, 17, 12, 49
3, 10, 17, 22, 27, 20, 13, 49
3, 10, 17, 22, 27, 20, 25, 49
3, 10, 17, 22, 27, 32, 25, 49
3, 10, 17, 22, 27, 32, 37, 49
3, 10, 17, 22, 27, 32, 39, 34, 29, 24, 49
3, 10, 17, 22, 27, 32, 39, 34, 29, 36, 49
3, 10, 17, 22, 27, 32, 39, 34, 41, 36, 49
3, 10, 17, 22, 27, 32, 39, 34, 41, 46, 49
3, 10, 17, 22, 27, 32, 39, 34, 41, 48, 49
3, 10, 17, 22, 27, 32, 39, 44, 49
3, 10, 17, 22, 27, 32, 39, 46, 49
3, 10, 17, 22, 27, 34, 29, 24, 49
3, 10, 17, 22, 27, 34, 29, 36, 49
3, 10, 17, 22, 27, 34, 39, 44, 49
3, 10, 17, 22, 27, 34, 39, 46, 49
3, 10, 17, 22, 27, 34, 41, 36, 49
3, 10, 17, 22, 27, 34, 41, 46, 49
3, 10, 17, 22, 27, 34, 41, 48, 49
3, 10, 17, 22, 29, 24, 49
3, 10, 17, 22, 29, 34, 39, 32, 25, 49
3, 10, 17, 22, 29, 34, 39, 32, 37, 49
3, 10, 17, 22, 29, 34, 39, 44, 49
3, 10, 17, 22, 29, 34, 39, 46, 49
3, 10, 17, 22, 29, 34, 41, 36, 49
3, 10, 17, 22, 29, 34, 41, 46, 49
3, 10, 17, 22, 29, 34, 41, 48, 49
3, 10, 17, 22, 29, 36, 49
3, 10, 17, 24, 49
4, 9, 14, 7, 49
4, 9, 14, 19, 49
4, 9, 14, 21, 16, 11
4, 9, 14, 21, 16, 11, 6, 49
4, 9, 14, 21, 16, 11, 18, 49
4, 9, 14, 21, 16, 23, 18, 49
4, 9, 14, 21, 16, 23, 28, 33, 26, 31, 49
4, 9, 14, 21, 16, 23, 28, 33, 38, 31, 49
4, 9, 14, 21, 16, 23, 28, 33, 38, 43, 49
4, 9, 14, 21, 16, 23, 28, 33, 38, 45, 49
4, 9, 14, 21, 16, 23, 28, 33, 40, 35, 30, 49
4, 9, 14, 21, 16, 23, 28, 33, 40, 35, 42, 49
4, 9, 14, 21, 16, 23, 28, 33, 40, 45, 49
4, 9, 14, 21, 16, 23, 28, 33, 40, 47, 49
4, 9, 14, 21, 16, 23, 28, 35, 30, 49
4, 9, 14, 21, 16, 23, 28, 35, 40, 45, 49
4, 9, 14, 21, 16, 23, 28, 35, 40, 47, 49
4, 9, 14, 21, 16, 23, 28, 35, 42, 49
4, 9, 14, 21, 16, 23, 30, 49
4, 9, 14, 21, 26, 31, 49
4, 9, 14, 21, 26, 33, 28, 23, 18, 49
4, 9, 14, 21, 26, 33, 28, 23, 30, 49
4, 9, 14, 21, 26, 33, 28, 35, 30, 49
4, 9, 14, 21, 26, 33, 28, 35, 40, 45, 49
4, 9, 14, 21, 26, 33, 28, 35, 40, 47, 49
4, 9, 14, 21, 26, 33, 28, 35, 42, 49
4, 9, 14, 21, 26, 33, 38, 43, 49
4, 9, 14, 21, 26, 33, 38, 45, 49
4, 9, 14, 21, 26, 33, 40, 35, 30, 49
4, 9, 14, 21, 26, 33, 40, 35, 42, 49
4, 9, 14, 21, 26, 33, 40, 45, 49
4, 9, 14, 21, 26, 33, 40, 47, 49
4, 9, 14, 21, 28, 23, 18, 49
4, 9, 14, 21, 28, 23, 30, 49
4, 9, 14, 21, 28, 33, 38, 31, 49
4, 9, 14, 21, 28, 33, 38, 43, 49
4, 9, 14, 21, 28, 33, 38, 45, 49
4, 9, 14, 21, 28, 33, 40, 35, 30, 49
4, 9, 14, 21, 28, 33, 40, 35, 42, 49
4, 9, 14, 21, 28, 33, 40, 45, 49
4, 9, 14, 21, 28, 33, 40, 47, 49
4, 9, 14, 21, 28, 35, 30, 49
4, 9, 14, 21, 28, 35, 40, 45, 49
4, 9, 14, 21, 28, 35, 40, 47, 49
4, 9, 14, 21, 28, 35, 42, 49
4, 9, 16, 11
4, 9, 16, 11, 6, 49
4, 9, 16, 11, 18, 49
4, 9, 16, 21, 26, 19, 49
4, 9, 16, 21, 26, 31, 49
4, 9, 16, 21, 26, 33, 28, 23, 18, 49
4, 9, 16, 21, 26, 33, 28, 23, 30, 49
4, 9, 16, 21, 26, 33, 28, 35, 30, 49
4, 9, 16, 21, 26, 33, 28, 35, 40, 45, 49
4, 9, 16, 21, 26, 33, 28, 35, 40, 47, 49
4, 9, 16, 21, 26, 33, 28, 35, 42, 49
4, 9, 16, 21, 26, 33, 38, 43, 49
4, 9, 16, 21, 26, 33, 38, 45, 49
4, 9, 16, 21, 26, 33, 40, 35, 30, 49
4, 9, 16, 21, 26, 33, 40, 35, 42, 49
4, 9, 16, 21, 26, 33, 40, 45, 49
4, 9, 16, 21, 26, 33, 40, 47, 49
4, 9, 16, 21, 28, 23, 18, 49
4, 9, 16, 21, 28, 23, 30, 49
4, 9, 16, 21, 28, 33, 38, 31, 49
4, 9, 16, 21, 28, 33, 38, 43, 49
4, 9, 16, 21, 28, 33, 38, 45, 49
4, 9, 16, 21, 28, 33, 40, 35, 30, 49
4, 9, 16, 21, 28, 33, 40, 35, 42, 49
4, 9, 16, 21, 28, 33, 40, 45, 49
4, 9, 16, 21, 28, 33, 40, 47, 49
4, 9, 16, 21, 28, 35, 30, 49
4, 9, 16, 21, 28, 35, 40, 45, 49
4, 9, 16, 21, 28, 35, 40, 47, 49
4, 9, 16, 21, 28, 35, 42, 49
4, 9, 16, 23, 18, 49
4, 9, 16, 23, 28, 33, 26, 19, 49
4, 9, 16, 23, 28, 33, 26, 31, 49
4, 9, 16, 23, 28, 33, 38, 31, 49
4, 9, 16, 23, 28, 33, 38, 43, 49
4, 9, 16, 23, 28, 33, 38, 45, 49
4, 9, 16, 23, 28, 33, 40, 35, 30, 49
4, 9, 16, 23, 28, 33, 40, 35, 42, 49
4, 9, 16, 23, 28, 33, 40, 45, 49
4, 9, 16, 23, 28, 33, 40, 47, 49
4, 9, 16, 23, 28, 35, 30, 49
4, 9, 16, 23, 28, 35, 40, 45, 49
4, 9, 16, 23, 28, 35, 40, 47, 49
4, 9, 16, 23, 28, 35, 42, 49
4, 9, 16, 23, 30, 49
4, 11, 6, 49
4, 11, 16, 21, 14, 7, 49
4, 11, 16, 21, 14, 19, 49
4, 11, 16, 21, 26, 19, 49
4, 11, 16, 21, 26, 31, 49
4, 11, 16, 21, 26, 33, 28, 23, 18, 49
4, 11, 16, 21, 26, 33, 28, 23, 30, 49
4, 11, 16, 21, 26, 33, 28, 35, 30, 49
4, 11, 16, 21, 26, 33, 28, 35, 40, 45, 49
4, 11, 16, 21, 26, 33, 28, 35, 40, 47, 49
4, 11, 16, 21, 26, 33, 28, 35, 42, 49
4, 11, 16, 21, 26, 33, 38, 43, 49
4, 11, 16, 21, 26, 33, 38, 45, 49
4, 11, 16, 21, 26, 33, 40, 35, 30, 49
4, 11, 16, 21, 26, 33, 40, 35, 42, 49
4, 11, 16, 21, 26, 33, 40, 45, 49
4, 11, 16, 21, 26, 33, 40, 47, 49
4, 11, 16, 21, 28, 23, 18, 49
4, 11, 16, 21, 28, 23, 30, 49
4, 11, 16, 21, 28, 33, 38, 31, 49
4, 11, 16, 21, 28, 33, 38, 43, 49
4, 11, 16, 21, 28, 33, 38, 45, 49
4, 11, 16, 21, 28, 33, 40, 35, 30, 49
4, 11, 16, 21, 28, 33, 40, 35, 42, 49
4, 11, 16, 21, 28, 33, 40, 45, 49
4, 11, 16, 21, 28, 33, 40, 47, 49
4, 11, 16, 21, 28, 35, 30, 49
4, 11, 16, 21, 28, 35, 40, 45, 49
4, 11, 16, 21, 28, 35, 40, 47, 49
4, 11, 16, 21, 28, 35, 42, 49
4, 11, 16, 23, 18, 49
4, 11, 16, 23, 28, 33, 26, 19, 49
4, 11, 16, 23, 28, 33, 26, 31, 49
4, 11, 16, 23, 28, 33, 38, 31, 49
4, 11, 16, 23, 28, 33, 38, 43, 49
4, 11, 16, 23, 28, 33, 38, 45, 49
4, 11, 16, 23, 28, 33, 40, 35, 30, 49
4, 11, 16, 23, 28, 33, 40, 35, 42, 49
4, 11, 16, 23, 28, 33, 40, 45, 49
4, 11, 16, 23, 28, 33, 40, 47, 49
4, 11, 16, 23, 28, 35, 30, 49
4, 11, 16, 23, 28, 35, 40, 45, 49
4, 11, 16, 23, 28, 35, 40, 47, 49
4, 11, 16, 23, 28, 35, 42, 49
4, 11, 16, 23, 30, 49
4, 11, 18, 49
5, 10, 15, 8, 13, 49
5, 10, 15, 20, 13, 49
5, 10, 15, 20, 25, 49
5, 10, 15, 20, 27, 22, 17, 12
5, 10, 15, 20, 27, 22, 17, 12, 49
5, 10, 15, 20, 27, 22, 17, 24, 49
5, 10, 15, 20, 27, 22, 29, 24, 49
5, 10, 15, 20, 27, 22, 29, 34, 39, 32, 37, 49
5, 10, 15, 20, 27, 22, 29, 34, 39, 44, 49
5, 10, 15, 20, 27, 22, 29, 34, 39, 46, 49
5, 10, 15, 20, 27, 22, 29, 34, 41, 36, 49
5, 10, 15, 20, 27, 22, 29, 34, 41, 46, 49
5, 10, 15, 20, 27, 22, 29, 34, 41, 48, 49
5, 10, 15, 20, 27, 22, 29, 36, 49
5, 10, 15, 20, 27, 32, 37, 49
5, 10, 15, 20, 27, 32, 39, 34, 29, 24, 49
5, 10, 15, 20, 27, 32, 39, 34, 29, 36, 49
5, 10, 15, 20, 27, 32, 39, 34, 41, 36, 49
5, 10, 15, 20, 27, 32, 39, 34, 41, 46, 49
5, 10, 15, 20, 27, 32, 39, 34, 41, 48, 49
5, 10, 15, 20, 27, 32, 39, 44, 49
5, 10, 15, 20, 27, 32, 39, 46, 49
5, 10, 15, 20, 27, 34, 29, 24, 49
5, 10, 15, 20, 27, 34, 29, 36, 49
5, 10, 15, 20, 27, 34, 39, 44, 49
5, 10, 15, 20, 27, 34, 39, 46, 49
5, 10, 15, 20, 27, 34, 41, 36, 49
5, 10, 15, 20, 27, 34, 41, 46, 49
5, 10, 15, 20, 27, 34, 41, 48, 49
5, 10, 15, 22, 17, 12
5, 10, 15, 22, 17, 12, 49
5, 10, 15, 22, 17, 24, 49
5, 10, 15, 22, 27, 32, 25, 49
5, 10, 15, 22, 27, 32, 37, 49
5, 10, 15, 22, 27, 32, 39, 34, 29, 24, 49
5, 10, 15, 22, 27, 32, 39, 34, 29, 36, 49
5, 10, 15, 22, 27, 32, 39, 34, 41, 36, 49
5, 10, 15, 22, 27, 32, 39, 34, 41, 46, 49
5, 10, 15, 22, 27, 32, 39, 34, 41, 48, 49
5, 10, 15, 22, 27, 32, 39, 44, 49
5, 10, 15, 22, 27, 32, 39, 46, 49
5, 10, 15, 22, 27, 34, 29, 24, 49
5, 10, 15, 22, 27, 34, 29, 36, 49
5, 10, 15, 22, 27, 34, 39, 44, 49
5, 10, 15, 22, 27, 34, 39, 46, 49
5, 10, 15, 22, 27, 34, 41, 36, 49
5, 10, 15, 22, 27, 34, 41, 46, 49
5, 10, 15, 22, 27, 34, 41, 48, 49
5, 10, 15, 22, 29, 24, 49
5, 10, 15, 22, 29, 34, 39, 32, 25, 49
5, 10, 15, 22, 29, 34, 39, 32, 37, 49
5, 10, 15, 22, 29, 34, 39, 44, 49
5, 10, 15, 22, 29, 34, 39, 46, 49
5, 10, 15, 22, 29, 34, 41, 36, 49
5, 10, 15, 22, 29, 34, 41, 46, 49
5, 10, 15, 22, 29, 34, 41, 48, 49
5, 10, 15, 22, 29, 36, 49
5, 10, 17, 12
5, 10, 17, 12, 49
5, 10, 17, 22, 27, 20, 13, 49
5, 10, 17, 22, 27, 20, 25, 49
5, 10, 17, 22, 27, 32, 25, 49
5, 10, 17, 22, 27, 32, 37, 49
5, 10, 17, 22, 27, 32, 39, 34, 29, 24, 49
5, 10, 17, 22, 27, 32, 39, 34, 29, 36, 49
5, 10, 17, 22, 27, 32, 39, 34, 41, 36, 49
5, 10, 17, 22, 27, 32, 39, 34, 41, 46, 49
5, 10, 17, 22, 27, 32, 39, 34, 41, 48, 49
5, 10, 17, 22, 27, 32, 39, 44, 49
5, 10, 17, 22, 27, 32, 39, 46, 49
5, 10, 17, 22, 27, 34, 29, 24, 49
5, 10, 17, 22, 27, 34, 29, 36, 49
5, 10, 17, 22, 27, 34, 39, 44, 49
5, 10, 17, 22, 27, 34, 39, 46, 49
5, 10, 17, 22, 27, 34, 41, 36, 49
5, 10, 17, 22, 27, 34, 41, 46, 49
5, 10, 17, 22, 27, 34, 41, 48, 49
5, 10, 17, 22, 29, 24, 49
5, 10, 17, 22, 29, 34, 39, 32, 25, 49
5, 10, 17, 22, 29, 34, 39, 32, 37, 49
5, 10, 17, 22, 29, 34, 39, 44, 49
5, 10, 17, 22, 29, 34, 39, 46, 49
5, 10, 17, 22, 29, 34, 41, 36, 49
5, 10, 17, 22, 29, 34, 41, 46, 49
5, 10, 17, 22, 29, 34, 41, 48, 49
5, 10, 17, 22, 29, 36, 49
5, 10, 17, 24, 49
5, 12, 49
6, 11, 16, 9, 14, 7, 49
6, 11, 16, 9, 14, 19, 49
6, 11, 16, 9, 14, 21, 26, 31, 49
6, 11, 16, 9, 14, 21, 26, 33, 28, 23, 18, 49
6, 11, 16, 9, 14, 21, 26, 33, 28, 23, 30, 49
6, 11, 16, 9, 14, 21, 26, 33, 28, 35, 30, 49
6, 11, 16, 9, 14, 21, 26, 33, 28, 35, 40, 45, 49
6, 11, 16, 9, 14, 21, 26, 33, 28, 35, 40, 47, 49
6, 11, 16, 9, 14, 21, 26, 33, 28, 35, 42, 49
6, 11, 16, 9, 14, 21, 26, 33, 38, 43, 49
6, 11, 16, 9, 14, 21, 26, 33, 38, 45, 49
6, 11, 16, 9, 14, 21, 26, 33, 40, 35, 30, 49
6, 11, 16, 9, 14, 21, 26, 33, 40, 35, 42, 49
6, 11, 16, 9, 14, 21, 26, 33, 40, 45, 49
6, 11, 16, 9, 14, 21, 26, 33, 40, 47, 49
6, 11, 16, 9, 14, 21, 28, 23, 18, 49
6, 11, 16, 9, 14, 21, 28, 23, 30, 49
6, 11, 16, 9, 14, 21, 28, 33, 38, 31, 49
6, 11, 16, 9, 14, 21, 28, 33, 38, 43, 49
6, 11, 16, 9, 14, 21, 28, 33, 38, 45, 49
6, 11, 16, 9, 14, 21, 28, 33, 40, 35, 30, 49
6, 11, 16, 9, 14, 21, 28, 33, 40, 35, 42, 49
6, 11, 16, 9, 14, 21, 28, 33, 40, 45, 49
6, 11, 16, 9, 14, 21, 28, 33, 40, 47, 49
6, 11, 16, 9, 14, 21, 28, 35, 30, 49
6, 11, 16, 9, 14, 21, 28, 35, 40, 45, 49
6, 11, 16, 9, 14, 21, 28, 35, 40, 47, 49
6, 11, 16, 9, 14, 21, 28, 35, 42, 49
6, 11, 16, 21, 14, 7, 49
6, 11, 16, 21, 14, 19, 49
6, 11, 16, 21, 26, 19, 49
6, 11, 16, 21, 26, 31, 49
6, 11, 16, 21, 26, 33, 28, 23, 18, 49
6, 11, 16, 21, 26, 33, 28, 23, 30, 49
6, 11, 16, 21, 26, 33, 28, 35, 30, 49
6, 11, 16, 21, 26, 33, 28, 35, 40, 45, 49
6, 11, 16, 21, 26, 33, 28, 35, 40, 47, 49
6, 11, 16, 21, 26, 33, 28, 35, 42, 49
6, 11, 16, 21, 26, 33, 38, 43, 49
6, 11, 16, 21, 26, 33, 38, 45, 49
6, 11, 16, 21, 26, 33, 40, 35, 30, 49
6, 11, 16, 21, 26, 33, 40, 35, 42, 49
6, 11, 16, 21, 26, 33, 40, 45, 49
6, 11, 16, 21, 26, 33, 40, 47, 49
6, 11, 16, 21, 28, 23, 18, 49
6, 11, 16, 21, 28, 23, 30, 49
6, 11, 16, 21, 28, 33, 38, 31, 49
6, 11, 16, 21, 28, 33, 38, 43, 49
6, 11, 16, 21, 28, 33, 38, 45, 49
6, 11, 16, 21, 28, 33, 40, 35, 30, 49
6, 11, 16, 21, 28, 33, 40, 35, 42, 49
6, 11, 16, 21, 28, 33, 40, 45, 49
6, 11, 16, 21, 28, 33, 40, 47, 49
6, 11, 16, 21, 28, 35, 30, 49
6, 11, 16, 21, 28, 35, 40, 45, 49
6, 11, 16, 21, 28, 35, 40, 47, 49
6, 11, 16, 21, 28, 35, 42, 49
6, 11, 16, 23, 18, 49
6, 11, 16, 23, 28, 33, 26, 19, 49
6, 11, 16, 23, 28, 33, 26, 31, 49
6, 11, 16, 23, 28, 33, 38, 31, 49
6, 11, 16, 23, 28, 33, 38, 43, 49
6, 11, 16, 23, 28, 33, 38, 45, 49
6, 11, 16, 23, 28, 33, 40, 35, 30, 49
6, 11, 16, 23, 28, 33, 40, 35, 42, 49
6, 11, 16, 23, 28, 33, 40, 45, 49
6, 11, 16, 23, 28, 33, 40, 47, 49
6, 11, 16, 23, 28, 35, 30, 49
6, 11, 16, 23, 28, 35, 40, 45, 49
6, 11, 16, 23, 28, 35, 40, 47, 49
6, 11, 16, 23, 28, 35, 42, 49
6, 11, 16, 23, 30, 49
6, 11, 18, 49
7, 14, 9, 16, 11, 18, 49
7, 14, 9, 16, 21, 26, 19, 49
7, 14, 9, 16, 21, 26, 31, 49
7, 14, 9, 16, 21, 26, 33, 28, 23, 18, 49
7, 14, 9, 16, 21, 26, 33, 28, 23, 30, 49
7, 14, 9, 16, 21, 26, 33, 28, 35, 30, 49
7, 14, 9, 16, 21, 26, 33, 28, 35, 40, 45, 49
7, 14, 9, 16, 21, 26, 33, 28, 35, 40, 47, 49
7, 14, 9, 16, 21, 26, 33, 28, 35, 42, 49
7, 14, 9, 16, 21, 26, 33, 38, 43, 49
7, 14, 9, 16, 21, 26, 33, 38, 45, 49
7, 14, 9, 16, 21, 26, 33, 40, 35, 30, 49
7, 14, 9, 16, 21, 26, 33, 40, 35, 42, 49
7, 14, 9, 16, 21, 26, 33, 40, 45, 49
7, 14, 9, 16, 21, 26, 33, 40, 47, 49
7, 14, 9, 16, 21, 28, 23, 18, 49
7, 14, 9, 16, 21, 28, 23, 30, 49
7, 14, 9, 16, 21, 28, 33, 38, 31, 49
7, 14, 9, 16, 21, 28, 33, 38, 43, 49
7, 14, 9, 16, 21, 28, 33, 38, 45, 49
7, 14, 9, 16, 21, 28, 33, 40, 35, 30, 49
7, 14, 9, 16, 21, 28, 33, 40, 35, 42, 49
7, 14, 9, 16, 21, 28, 33, 40, 45, 49
7, 14, 9, 16, 21, 28, 33, 40, 47, 49
7, 14, 9, 16, 21, 28, 35, 30, 49
7, 14, 9, 16, 21, 28, 35, 40, 45, 49
7, 14, 9, 16, 21, 28, 35, 40, 47, 49
7, 14, 9, 16, 21, 28, 35, 42, 49
7, 14, 9, 16, 23, 18, 49
7, 14, 9, 16, 23, 28, 33, 26, 19, 49
7, 14, 9, 16, 23, 28, 33, 26, 31, 49
7, 14, 9, 16, 23, 28, 33, 38, 31, 49
7, 14, 9, 16, 23, 28, 33, 38, 43, 49
7, 14, 9, 16, 23, 28, 33, 38, 45, 49
7, 14, 9, 16, 23, 28, 33, 40, 35, 30, 49
7, 14, 9, 16, 23, 28, 33, 40, 35, 42, 49
7, 14, 9, 16, 23, 28, 33, 40, 45, 49
7, 14, 9, 16, 23, 28, 33, 40, 47, 49
7, 14, 9, 16, 23, 28, 35, 30, 49
7, 14, 9, 16, 23, 28, 35, 40, 45, 49
7, 14, 9, 16, 23, 28, 35, 40, 47, 49
7, 14, 9, 16, 23, 28, 35, 42, 49
7, 14, 9, 16, 23, 30, 49
7, 14, 19, 49
7, 14, 21, 16, 11, 18, 49
7, 14, 21, 16, 23, 18, 49
7, 14, 21, 16, 23, 28, 33, 26, 31, 49
7, 14, 21, 16, 23, 28, 33, 38, 31, 49
7, 14, 21, 16, 23, 28, 33, 38, 43, 49
7, 14, 21, 16, 23, 28, 33, 38, 45, 49
7, 14, 21, 16, 23, 28, 33, 40, 35, 30, 49
7, 14, 21, 16, 23, 28, 33, 40, 35, 42, 49
7, 14, 21, 16, 23, 28, 33, 40, 45, 49
7, 14, 21, 16, 23, 28, 33, 40, 47, 49
7, 14, 21, 16, 23, 28, 35, 30, 49
7, 14, 21, 16, 23, 28, 35, 40, 45, 49
7, 14, 21, 16, 23, 28, 35, 40, 47, 49
7, 14, 21, 16, 23, 28, 35, 42, 49
7, 14, 21, 16, 23, 30, 49
7, 14, 21, 26, 31, 49
7, 14, 21, 26, 33, 28, 23, 18, 49
7, 14, 21, 26, 33, 28, 23, 30, 49
7, 14, 21, 26, 33, 28, 35, 30, 49
7, 14, 21, 26, 33, 28, 35, 40, 45, 49
7, 14, 21, 26, 33, 28, 35, 40, 47, 49
7, 14, 21, 26, 33, 28, 35, 42, 49
7, 14, 21, 26, 33, 38, 43, 49
7, 14, 21, 26, 33, 38, 45, 49
7, 14, 21, 26, 33, 40, 35, 30, 49
7, 14, 21, 26, 33, 40, 35, 42, 49
7, 14, 21, 26, 33, 40, 45, 49
7, 14, 21, 26, 33, 40, 47, 49
7, 14, 21, 28, 23, 18, 49
7, 14, 21, 28, 23, 30, 49
7, 14, 21, 28, 33, 38, 31, 49
7, 14, 21, 28, 33, 38, 43, 49
7, 14, 21, 28, 33, 38, 45, 49
7, 14, 21, 28, 33, 40, 35, 30, 49
7, 14, 21, 28, 33, 40, 35, 42, 49
7, 14, 21, 28, 33, 40, 45, 49
7, 14, 21, 28, 33, 40, 47, 49
7, 14, 21, 28, 35, 30, 49
7, 14, 21, 28, 35, 40, 45, 49
7, 14, 21, 28, 35, 40, 47, 49
7, 14, 21, 28, 35, 42, 49
8, 13, 20, 15
9, 14, 19, 26, 21, 16
9, 14, 19, 26, 33, 28, 23, 16
9, 14, 21, 16
10, 15, 20, 25, 32, 27, 22, 17
10, 15, 20, 25, 32, 39, 34, 29, 22, 17
10, 15, 20, 27, 22, 17
10, 15, 20, 27, 32, 39, 34, 29, 24, 17
10, 15, 20, 27, 34, 29, 24, 17
10, 15, 22, 17
11, 16, 21, 14, 19, 26, 33, 28, 23, 18
11, 16, 21, 14, 19, 49, 18
11, 16, 21, 26, 19, 49, 18
11, 16, 21, 26, 31, 38, 33, 28, 23, 18
11, 16, 21, 26, 31, 49, 18
11, 16, 21, 26, 33, 28, 23, 18
11, 16, 21, 26, 33, 28, 35, 30, 49, 18
11, 16, 21, 26, 33, 28, 35, 40, 45, 49, 18
11, 16, 21, 26, 33, 28, 35, 40, 47, 49, 18
11, 16, 21, 26, 33, 28, 35, 42, 49, 18
11, 16, 21, 26, 33, 38, 43, 49, 18
11, 16, 21, 26, 33, 38, 45, 49, 18
11, 16, 21, 26, 33, 40, 35, 30, 23, 18
11, 16, 21, 26, 33, 40, 35, 30, 49, 18
11, 16, 21, 26, 33, 40, 35, 42, 49, 18
11, 16, 21, 26, 33, 40, 45, 49, 18
11, 16, 21, 26, 33, 40, 47, 49, 18
11, 16, 21, 28, 23, 18
11, 16, 21, 28, 33, 38, 31, 49, 18
11, 16, 21, 28, 33, 38, 43, 49, 18
11, 16, 21, 28, 33, 38, 45, 49, 18
11, 16, 21, 28, 33, 40, 35, 30, 49, 18
11, 16, 21, 28, 33, 40, 35, 42, 49, 18
11, 16, 21, 28, 33, 40, 45, 49, 18
11, 16, 21, 28, 33, 40, 47, 49, 18
11, 16, 21, 28, 35, 30, 49, 18
11, 16, 21, 28, 35, 40, 45, 49, 18
11, 16, 21, 28, 35, 40, 47, 49, 18
11, 16, 21, 28, 35, 42, 49, 18
11, 16, 23, 18
12, 17, 22, 15, 20, 13, 49
12, 17, 22, 15, 20, 25, 49
12, 17, 22, 15, 20, 27, 32, 37, 49
12, 17, 22, 15, 20, 27, 32, 39, 34, 29, 24, 49
12, 17, 22, 15, 20, 27, 32, 39, 34, 29, 36, 49
12, 17, 22, 15, 20, 27, 32, 39, 34, 41, 36, 49
12, 17, 22, 15, 20, 27, 32, 39, 34, 41, 46, 49
12, 17, 22, 15, 20, 27, 32, 39, 34, 41, 48, 49
12, 17, 22, 15, 20, 27, 32, 39, 44, 49
12, 17, 22, 15, 20, 27, 32, 39, 46, 49
12, 17, 22, 15, 20, 27, 34, 29, 24, 49
12, 17, 22, 15, 20, 27, 34, 29, 36, 49
12, 17, 22, 15, 20, 27, 34, 39, 44, 49
12, 17, 22, 15, 20, 27, 34, 39, 46, 49
12, 17, 22, 15, 20, 27, 34, 41, 36, 49
12, 17, 22, 15, 20, 27, 34, 41, 46, 49
12, 17, 22, 15, 20, 27, 34, 41, 48, 49
12, 17, 22, 27, 20, 13, 49
12, 17, 22, 27, 20, 25, 49
12, 17, 22, 27, 32, 25, 49
12, 17, 22, 27, 32, 37, 49
12, 17, 22, 27, 32, 39, 34, 29, 24, 49
12, 17, 22, 27, 32, 39, 34, 29, 36, 49
12, 17, 22, 27, 32, 39, 34, 41, 36, 49
12, 17, 22, 27, 32, 39, 34, 41, 46, 49
12, 17, 22, 27, 32, 39, 34, 41, 48, 49
12, 17, 22, 27, 32, 39, 44, 49
12, 17, 22, 27, 32, 39, 46, 49
12, 17, 22, 27, 34, 29, 24, 49
12, 17, 22, 27, 34, 29, 36, 49
12, 17, 22, 27, 34, 39, 44, 49
12, 17, 22, 27, 34, 39, 46, 49
12, 17, 22, 27, 34, 41, 36, 49
12, 17, 22, 27, 34, 41, 46, 49
12, 17, 22, 27, 34, 41, 48, 49
12, 17, 22, 29, 24, 49
12, 17, 22, 29, 34, 39, 32, 25, 49
12, 17, 22, 29, 34, 39, 32, 37, 49
12, 17, 22, 29, 34, 39, 44, 49
12, 17, 22, 29, 34, 39, 46, 49
12, 17, 22, 29, 34, 41, 36, 49
12, 17, 22, 29, 34, 41, 46, 49
12, 17, 22, 29, 34, 41, 48, 49
12, 17, 22, 29, 36, 49
12, 17, 24, 49
13, 20, 15, 22, 17, 24, 49
13, 20, 15, 22, 27, 32, 25, 49
13, 20, 15, 22, 27, 32, 37, 49
13, 20, 15, 22, 27, 32, 39, 34, 29, 24, 49
13, 20, 15, 22, 27, 32, 39, 34, 29, 36, 49
13, 20, 15, 22, 27, 32, 39, 34, 41, 36, 49
13, 20, 15, 22, 27, 32, 39, 34, 41, 46, 49
13, 20, 15, 22, 27, 32, 39, 34, 41, 48, 49
13, 20, 15, 22, 27, 32, 39, 44, 49
13, 20, 15, 22, 27, 32, 39, 46, 49
13, 20, 15, 22, 27, 34, 29, 24, 49
13, 20, 15, 22, 27, 34, 29, 36, 49
13, 20, 15, 22, 27, 34, 39, 44, 49
13, 20, 15, 22, 27, 34, 39, 46, 49
13, 20, 15, 22, 27, 34, 41, 36, 49
13, 20, 15, 22, 27, 34, 41, 46, 49
13, 20, 15, 22, 27, 34, 41, 48, 49
13, 20, 15, 22, 29, 24, 49
13, 20, 15, 22, 29, 34, 39, 32, 25, 49
13, 20, 15, 22, 29, 34, 39, 32, 37, 49
13, 20, 15, 22, 29, 34, 39, 44, 49
13, 20, 15, 22, 29, 34, 39, 46, 49
13, 20, 15, 22, 29, 34, 41, 36, 49
13, 20, 15, 22, 29, 34, 41, 46, 49
13, 20, 15, 22, 29, 34, 41, 48, 49
13, 20, 15, 22, 29, 36, 49
13, 20, 25, 49
13, 20, 27, 22, 17, 24, 49
13, 20, 27, 22, 29, 24, 49
13, 20, 27, 22, 29, 34, 39, 32, 37, 49
13, 20, 27, 22, 29, 34, 39, 44, 49
13, 20, 27, 22, 29, 34, 39, 46, 49
13, 20, 27, 22, 29, 34, 41, 36, 49
13, 20, 27, 22, 29, 34, 41, 46, 49
13, 20, 27, 22, 29, 34, 41, 48, 49
13, 20, 27, 22, 29, 36, 49
13, 20, 27, 32, 37, 49
13, 20, 27, 32, 39, 34, 29, 24, 49
13, 20, 27, 32, 39, 34, 29, 36, 49
13, 20, 27, 32, 39, 34, 41, 36, 49
13, 20, 27, 32, 39, 34, 41, 46, 49
13, 20, 27, 32, 39, 34, 41, 48, 49
13, 20, 27, 32, 39, 44, 49
13, 20, 27, 32, 39, 46, 49
13, 20, 27, 34, 29, 24, 49
13, 20, 27, 34, 29, 36, 49
13, 20, 27, 34, 39, 44, 49
13, 20, 27, 34, 39, 46, 49
13, 20, 27, 34, 41, 36, 49
13, 20, 27, 34, 41, 46, 49
13, 20, 27, 34, 41, 48, 49
14, 19, 26, 21
15, 20, 25, 32, 27, 22
15, 20, 25, 32, 39, 34, 29, 22
15, 20, 27, 22
16, 21, 26, 31, 38, 33, 28, 23
16, 21, 26, 33, 28, 23
16, 21, 26, 33, 40, 35, 30, 23
16, 21, 28, 23
17, 22, 27, 20, 25, 32, 39, 34, 29, 24
17, 22, 27, 20, 25, 49, 24
17, 22, 27, 32, 25, 49, 24
17, 22, 27, 32, 37, 49, 24
17, 22, 27, 32, 39, 34, 29, 24
17, 22, 27, 32, 39, 34, 41, 36, 49, 24
17, 22, 27, 32, 39, 34, 41, 46, 49, 24
17, 22, 27, 32, 39, 34, 41, 48, 49, 24
17, 22, 27, 32, 39, 44, 49, 24
17, 22, 27, 32, 39, 46, 49, 24
17, 22, 27, 34, 29, 24
17, 22, 27, 34, 39, 44, 49, 24
17, 22, 27, 34, 39, 46, 49, 24
17, 22, 27, 34, 41, 36, 49, 24
17, 22, 27, 34, 41, 46, 49, 24
17, 22, 27, 34, 41, 48, 49, 24
17, 22, 29, 24
18, 23, 28, 21, 26, 19, 49
18, 23, 28, 21, 26, 31, 49
18, 23, 28, 21, 26, 33, 38, 43, 49
18, 23, 28, 21, 26, 33, 38, 45, 49
18, 23, 28, 21, 26, 33, 40, 35, 30, 49
18, 23, 28, 21, 26, 33, 40, 35, 42, 49
18, 23, 28, 21, 26, 33, 40, 45, 49
18, 23, 28, 21, 26, 33, 40, 47, 49
18, 23, 28, 33, 26, 19, 49
18, 23, 28, 33, 26, 31, 49
18, 23, 28, 33, 38, 31, 49
18, 23, 28, 33, 38, 43, 49
18, 23, 28, 33, 38, 45, 49
18, 23, 28, 33, 40, 35, 30, 49
18, 23, 28, 33, 40, 35, 42, 49
18, 23, 28, 33, 40, 45, 49
18, 23, 28, 33, 40, 47, 49
18, 23, 28, 35, 30, 49
18, 23, 28, 35, 40, 45, 49
18, 23, 28, 35, 40, 47, 49
18, 23, 28, 35, 42, 49
18, 23, 30, 49
19, 26, 21, 28, 23, 30, 49
19, 26, 21, 28, 33, 38, 31, 49
19, 26, 21, 28, 33, 38, 43, 49
19, 26, 21, 28, 33, 38, 45, 49
19, 26, 21, 28, 33, 40, 35, 30, 49
19, 26, 21, 28, 33, 40, 35, 42, 49
19, 26, 21, 28, 33, 40, 45, 49
19, 26, 21, 28, 33, 40, 47, 49
19, 26, 21, 28, 35, 30, 49
19, 26, 21, 28, 35, 40, 45, 49
19, 26, 21, 28, 35, 40, 47, 49
19, 26, 21, 28, 35, 42, 49
19, 26, 31, 49
19, 26, 33, 28, 23, 30, 49
19, 26, 33, 28, 35, 30, 49
19, 26, 33, 28, 35, 40, 45, 49
19, 26, 33, 28, 35, 40, 47, 49
19, 26, 33, 28, 35, 42, 49
19, 26, 33, 38, 43, 49
19, 26, 33, 38, 45, 49
19, 26, 33, 40, 35, 30, 49
19, 26, 33, 40, 35, 42, 49
19, 26, 33, 40, 45, 49
19, 26, 33, 40, 47, 49
20, 25, 32, 27
21, 26, 31, 38, 33, 28
21, 26, 33, 28
22, 27, 32, 39, 34, 29
22, 27, 34, 29
23, 28, 33, 26, 31, 49, 30
23, 28, 33, 38, 31, 49, 30
23, 28, 33, 38, 43, 49, 30
23, 28, 33, 38, 45, 40, 35, 30
23, 28, 33, 38, 45, 49, 30
23, 28, 33, 40, 35, 30
23, 28, 33, 40, 45, 49, 30
23, 28, 33, 40, 47, 49, 30
23, 28, 35, 30
24, 29, 34, 27, 32, 25, 49
24, 29, 34, 27, 32, 37, 49
24, 29, 34, 27, 32, 39, 44, 49
24, 29, 34, 27, 32, 39, 46, 49
24, 29, 34, 39, 32, 25, 49
24, 29, 34, 39, 32, 37, 49
24, 29, 34, 39, 44, 49
24, 29, 34, 39, 46, 49
24, 29, 34, 41, 36, 49
24, 29, 34, 41, 46, 49
24, 29, 34, 41, 48, 49
24, 29, 36, 49
25, 32, 27, 34, 29, 36, 49
25, 32, 27, 34, 39, 44, 49
25, 32, 27, 34, 39, 46, 49
25, 32, 27, 34, 41, 36, 49
25, 32, 27, 34, 41, 46, 49
25, 32, 27, 34, 41, 48, 49
25, 32, 37, 49
25, 32, 39, 34, 29, 36, 49
25, 32, 39, 34, 41, 36, 49
25, 32, 39, 34, 41, 46, 49
25, 32, 39, 34, 41, 48, 49
25, 32, 39, 44, 49
25, 32, 39, 46, 49
26, 31, 38, 33
27, 32, 39, 34
28, 33, 38, 45, 40, 35
28, 33, 40, 35
29, 34, 39, 32, 37, 49, 36
29, 34, 39, 44, 49, 36
29, 34, 39, 46, 41, 36
29, 34, 39, 46, 49, 36
29, 34, 41, 36
30, 35, 40, 33, 38, 31, 49
30, 35, 40, 33, 38, 43, 49
30, 35, 40, 33, 38, 45, 49
30, 35, 40, 45, 49
30, 35, 40, 47, 49
30, 35, 42, 49
31, 38, 33, 40, 35, 42, 49
31, 38, 33, 40, 45, 49
31, 38, 33, 40, 47, 49
31, 38, 43, 49
31, 38, 45, 49
33, 38, 45, 40
34, 39, 46, 41
35, 40, 45, 49, 42
35, 40, 47, 42
36, 41, 46, 49
36, 41, 48, 49
37, 44, 49
38, 43, 49, 45
39, 44, 49, 46
40, 45, 49, 47
41, 46, 49, 48
42, 47, 49
