1, 7, 3, 46
1, 7, 11, 46
1, 7, 13, 9, 5, 46
1, 7, 13, 9, 15, 46
1, 7, 13, 17, 21, 46
1, 7, 13, 17, 23, 19, 15, 46
1, 7, 13, 17, 23, 19, 25, 46
1, 7, 13, 17, 23, 27, 31, 46
1, 7, 13, 17, 23, 27, 33, 29, 25, 46
1, 7, 13, 17, 23, 27, 33, 29, 35, 46
1, 7, 13, 17, 23, 27, 33, 37, 41, 46
1, 7, 13, 17, 23, 27, 33, 37, 43, 46
1, 7, 13, 17, 23, 27, 33, 39, 35, 46
1, 7, 13, 17, 23, 27, 33, 39, 43, 46
1, 7, 13, 17, 23, 27, 33, 39, 45, 46
1, 7, 13, 17, 23, 29, 25, 46
1, 7, 13, 17, 23, 29, 33, 37, 31, 46
1, 7, 13, 17, 23, 29, 33, 37, 41, 46
1, 7, 13, 17, 23, 29, 33, 37, 43, 46
1, 7, 13, 17, 23, 29, 33, 39, 35, 46
1, 7, 13, 17, 23, 29, 33, 39, 43, 46
1, 7, 13, 17, 23, 29, 33, 39, 45, 46
1, 7, 13, 17, 23, 29, 35, 46
1, 7, 13, 19, 15, 46
1, 7, 13, 19, 23, 27, 21, 46
1, 7, 13, 19, 23, 27, 31, 46
1, 7, 13, 19, 23, 27, 33, 29, 25, 46
1, 7, 13, 19, 23, 27, 33, 29, 35, 46
1, 7, 13, 19, 23, 27, 33, 37, 41, 46
1, 7, 13, 19, 23, 27, 33, 37, 43, 46
1, 7, 13, 19, 23, 27, 33, 39, 35, 46
1, 7, 13, 19, 23, 27, 33, 39, 43, 46
1, 7, 13, 19, 23, 27, 33, 39, 45, 46
1, 7, 13, 19, 23, 29, 25, 46
1, 7, 13, 19, 23, 29, 33, 37, 31, 46
1, 7, 13, 19, 23, 29, 33, 37, 41, 46
1, 7, 13, 19, 23, 29, 33, 37, 43, 46
1, 7, 13, 19, 23, 29, 33, 39, 35, 46
1, 7, 13, 19, 23, 29, 33, 39, 43, 46
1, 7, 13, 19, 23, 29, 33, 39, 45, 46
1, 7, 13, 19, 23, 29, 35, 46
1, 7, 13, 19, 25, 46
2, 6, 46
2, 8, 4, 46
2, 8, 12, 16, 46
2, 8, 12, 18, 14, 10, 46
2, 8, 12, 18, 14, 20, 46
2, 8, 12, 18, 22, 26, 46
2, 8, 12, 18, 22, 28, 24, 20, 46
2, 8, 12, 18, 22, 28, 24, 30, 46
2, 8, 12, 18, 22, 28, 32, 36, 46
2, 8, 12, 18, 22, 28, 32, 38, 34, 30, 46
2, 8, 12, 18, 22, 28, 32, 38, 34, 40, 46
2, 8, 12, 18, 22, 28, 32, 38, 42, 46
2, 8, 12, 18, 22, 28, 32, 38, 44, 46
2, 8, 12, 18, 22, 28, 34, 30, 46
2, 8, 12, 18, 22, 28, 34, 38, 42, 46
2, 8, 12, 18, 22, 28, 34, 38, 44, 46
2, 8, 12, 18, 22, 28, 34, 40, 46
2, 8, 12, 18, 24, 20, 46
2, 8, 12, 18, 24, 28, 32, 26, 46
2, 8, 12, 18, 24, 28, 32, 36, 46
2, 8, 12, 18, 24, 28, 32, 38, 34, 30, 46
2, 8, 12, 18, 24, 28, 32, 38, 34, 40, 46
2, 8, 12, 18, 24, 28, 32, 38, 42, 46
2, 8, 12, 18, 24, 28, 32, 38, 44, 46
2, 8, 12, 18, 24, 28, 34, 30, 46
2, 8, 12, 18, 24, 28, 34, 38, 42, 46
2, 8, 12, 18, 24, 28, 34, 38, 44, 46
2, 8, 12, 18, 24, 28, 34, 40, 46
2, 8, 12, 18, 24, 30, 46
2, 8, 14, 10, 46
2, 8, 14, 18, 22, 16, 46
2, 8, 14, 18, 22, 26, 46
2, 8, 14, 18, 22, 28, 24, 20, 46
2, 8, 14, 18, 22, 28, 24, 30, 46
2, 8, 14, 18, 22, 28, 32, 36, 46
2, 8, 14, 18, 22, 28, 32, 38, 34, 30, 46
2, 8, 14, 18, 22, 28, 32, 38, 34, 40, 46
2, 8, 14, 18, 22, 28, 32, 38, 42, 46
2, 8, 14, 18, 22, 28, 32, 38, 44, 46
2, 8, 14, 18, 22, 28, 34, 30, 46
2, 8, 14, 18, 22, 28, 34, 38, 42, 46
2, 8, 14, 18, 22, 28, 34, 38, 44, 46
2, 8, 14, 18, 22, 28, 34, 40, 46
2, 8, 14, 18, 24, 20, 46
2, 8, 14, 18, 24, 28, 32, 26, 46
2, 8, 14, 18, 24, 28, 32, 36, 46
2, 8, 14, 18, 24, 28, 32, 38, 34, 30, 46
2, 8, 14, 18, 24, 28, 32, 38, 34, 40, 46
2, 8, 14, 18, 24, 28, 32, 38, 42, 46
2, 8, 14, 18, 24, 28, 32, 38, 44, 46
2, 8, 14, 18, 24, 28, 34, 30, 46
2, 8, 14, 18, 24, 28, 34, 38, 42, 46
2, 8, 14, 18, 24, 28, 34, 38, 44, 46
2, 8, 14, 18, 24, 28, 34, 40, 46
2, 8, 14, 18, 24, 30, 46
2, 8, 14, 20, 46
3, 7, 11, 46
3, 7, 13, 9
3, 7, 13, 9, 5, 46
3, 7, 13, 9, 15, 46
3, 7, 13, 17, 21, 46
3, 7, 13, 17, 23, 19, 15, 46
3, 7, 13, 17, 23, 19, 25, 46
3, 7, 13, 17, 23, 27, 31, 46
3, 7, 13, 17, 23, 27, 33, 29, 25, 46
3, 7, 13, 17, 23, 27, 33, 29, 35, 46
3, 7, 13, 17, 23, 27, 33, 37, 41, 46
3, 7, 13, 17, 23, 27, 33, 37, 43, 46
3, 7, 13, 17, 23, 27, 33, 39, 35, 46
3, 7, 13, 17, 23, 27, 33, 39, 43, 46
3, 7, 13, 17, 23, 27, 33, 39, 45, 46
3, 7, 13, 17, 23, 29, 25, 46
3, 7, 13, 17, 23, 29, 33, 37, 31, 46
3, 7, 13, 17, 23, 29, 33, 37, 41, 46
3, 7, 13, 17, 23, 29, 33, 37, 43, 46
3, 7, 13, 17, 23, 29, 33, 39, 35, 46
3, 7, 13, 17, 23, 29, 33, 39, 43, 46
3, 7, 13, 17, 23, 29, 33, 39, 45, 46
3, 7, 13, 17, 23, 29, 35, 46
3, 7, 13, 19, 15, 46
3, 7, 13, 19, 23, 27, 21, 46
3, 7, 13, 19, 23, 27, 31, 46
3, 7, 13, 19, 23, 27, 33, 29, 25, 46
3, 7, 13, 19, 23, 27, 33, 29, 35, 46
3, 7, 13, 19, 23, 27, 33, 37, 41, 46
3, 7, 13, 19, 23, 27, 33, 37, 43, 46
3, 7, 13, 19, 23, 27, 33, 39, 35, 46
3, 7, 13, 19, 23, 27, 33, 39, 43, 46
3, 7, 13, 19, 23, 27, 33, 39, 45, 46
3, 7, 13, 19, 23, 29, 25, 46
3, 7, 13, 19, 23, 29, 33, 37, 31, 46
3, 7, 13, 19, 23, 29, 33, 37, 41, 46
3, 7, 13, 19, 23, 29, 33, 37, 43, 46
3, 7, 13, 19, 23, 29, 33, 39, 35, 46
3, 7, 13, 19, 23, 29, 33, 39, 43, 46
3, 7, 13, 19, 23, 29, 33, 39, 45, 46
3, 7, 13, 19, 23, 29, 35, 46
3, 7, 13, 19, 25, 46
3, 9, 5, 46
3, 9, 13, 17, 11, 46
3, 9, 13, 17, 21, 46
3, 9, 13, 17, 23, 19, 15, 46
3, 9, 13, 17, 23, 19, 25, 46
3, 9, 13, 17, 23, 27, 31, 46
3, 9, 13, 17, 23, 27, 33, 29, 25, 46
3, 9, 13, 17, 23, 27, 33, 29, 35, 46
3, 9, 13, 17, 23, 27, 33, 37, 41, 46
3, 9, 13, 17, 23, 27, 33, 37, 43, 46
3, 9, 13, 17, 23, 27, 33, 39, 35, 46
3, 9, 13, 17, 23, 27, 33, 39, 43, 46
3, 9, 13, 17, 23, 27, 33, 39, 45, 46
3, 9, 13, 17, 23, 29, 25, 46
3, 9, 13, 17, 23, 29, 33, 37, 31, 46
3, 9, 13, 17, 23, 29, 33, 37, 41, 46
3, 9, 13, 17, 23, 29, 33, 37, 43, 46
3, 9, 13, 17, 23, 29, 33, 39, 35, 46
3, 9, 13, 17, 23, 29, 33, 39, 43, 46
3, 9, 13, 17, 23, 29, 33, 39, 45, 46
3, 9, 13, 17, 23, 29, 35, 46
3, 9, 13, 19, 15, 46
3, 9, 13, 19, 23, 27, 21, 46
3, 9, 13, 19, 23, 27, 31, 46
3, 9, 13, 19, 23, 27, 33, 29, 25, 46
3, 9, 13, 19, 23, 27, 33, 29, 35, 46
3, 9, 13, 19, 23, 27, 33, 37, 41, 46
3, 9, 13, 19, 23, 27, 33, 37, 43, 46
3, 9, 13, 19, 23, 27, 33, 39, 35, 46
3, 9, 13, 19, 23, 27, 33, 39, 43, 46
3, 9, 13, 19, 23, 27, 33, 39, 45, 46
3, 9, 13, 19, 23, 29, 25, 46
3, 9, 13, 19, 23, 29, 33, 37, 31, 46
3, 9, 13, 19, 23, 29, 33, 37, 41, 46
3, 9, 13, 19, 23, 29, 33, 37, 43, 46
3, 9, 13, 19, 23, 29, 33, 39, 35, 46
3, 9, 13, 19, 23, 29, 33, 39, 43, 46
3, 9, 13, 19, 23, 29, 33, 39, 45, 46
3, 9, 13, 19, 23, 29, 35, 46
3, 9, 13, 19, 25, 46
3, 9, 15, 46
4, 8, 12, 6, 46
4, 8, 12, 16, 46
4, 8, 12, 18, 14, 10
4, 8, 12, 18, 14, 10, 46
4, 8, 12, 18, 14, 20, 46
4, 8, 12, 18, 22, 26, 46
4, 8, 12, 18, 22, 28, 24, 20, 46
4, 8, 12, 18, 22, 28, 24, 30, 46
4, 8, 12, 18, 22, 28, 32, 36, 46
4, 8, 12, 18, 22, 28, 32, 38, 34, 30, 46
4, 8, 12, 18, 22, 28, 32, 38, 34, 40, 46
4, 8, 12, 18, 22, 28, 32, 38, 42, 46
4, 8, 12, 18, 22, 28, 32, 38, 44, 46
4, 8, 12, 18, 22, 28, 34, 30, 46
4, 8, 12, 18, 22, 28, 34, 38, 42, 46
4, 8, 12, 18, 22, 28, 34, 38, 44, 46
4, 8, 12, 18, 22, 28, 34, 40, 46
4, 8, 12, 18, 24, 20, 46
4, 8, 12, 18, 24, 28, 32, 26, 46
4, 8, 12, 18, 24, 28, 32, 36, 46
4, 8, 12, 18, 24, 28, 32, 38, 34, 30, 46
4, 8, 12, 18, 24, 28, 32, 38, 34, 40, 46
4, 8, 12, 18, 24, 28, 32, 38, 42, 46
4, 8, 12, 18, 24, 28, 32, 38, 44, 46
4, 8, 12, 18, 24, 28, 34, 30, 46
4, 8, 12, 18, 24, 28, 34, 38, 42, 46
4, 8, 12, 18, 24, 28, 34, 38, 44, 46
4, 8, 12, 18, 24, 28, 34, 40, 46
4, 8, 12, 18, 24, 30, 46
4, 8, 14, 10
4, 8, 14, 10, 46
4, 8, 14, 18, 22, 16, 46
4, 8, 14, 18, 22, 26, 46
4, 8, 14, 18, 22, 28, 24, 20, 46
4, 8, 14, 18, 22, 28, 24, 30, 46
4, 8, 14, 18, 22, 28, 32, 36, 46
4, 8, 14, 18, 22, 28, 32, 38, 34, 30, 46
4, 8, 14, 18, 22, 28, 32, 38, 34, 40, 46
4, 8, 14, 18, 22, 28, 32, 38, 42, 46
4, 8, 14, 18, 22, 28, 32, 38, 44, 46
4, 8, 14, 18, 22, 28, 34, 30, 46
4, 8, 14, 18, 22, 28, 34, 38, 42, 46
4, 8, 14, 18, 22, 28, 34, 38, 44, 46
4, 8, 14, 18, 22, 28, 34, 40, 46
4, 8, 14, 18, 24, 20, 46
4, 8, 14, 18, 24, 28, 32, 26, 46
4, 8, 14, 18, 24, 28, 32, 36, 46
4, 8, 14, 18, 24, 28, 32, 38, 34, 30, 46
4, 8, 14, 18, 24, 28, 32, 38, 34, 40, 46
4, 8, 14, 18, 24, 28, 32, 38, 42, 46
4, 8, 14, 18, 24, 28, 32, 38, 44, 46
4, 8, 14, 18, 24, 28, 34, 30, 46
4, 8, 14, 18, 24, 28, 34, 38, 42, 46
4, 8, 14, 18, 24, 28, 34, 38, 44, 46
4, 8, 14, 18, 24, 28, 34, 40, 46
4, 8, 14, 18, 24, 30, 46
4, 8, 14, 20, 46
4, 10, 46
5, 9, 13, 7, 11, 46
5, 9, 13, 17, 11, 46
5, 9, 13, 17, 21, 46
5, 9, 13, 17, 23, 19, 15, 46
5, 9, 13, 17, 23, 19, 25, 46
5, 9, 13, 17, 23, 27, 31, 46
5, 9, 13, 17, 23, 27, 33, 29, 25, 46
5, 9, 13, 17, 23, 27, 33, 29, 35, 46
5, 9, 13, 17, 23, 27, 33, 37, 41, 46
5, 9, 13, 17, 23, 27, 33, 37, 43, 46
5, 9, 13, 17, 23, 27, 33, 39, 35, 46
5, 9, 13, 17, 23, 27, 33, 39, 43, 46
5, 9, 13, 17, 23, 27, 33, 39, 45, 46
5, 9, 13, 17, 23, 29, 25, 46
5, 9, 13, 17, 23, 29, 33, 37, 31, 46
5, 9, 13, 17, 23, 29, 33, 37, 41, 46
5, 9, 13, 17, 23, 29, 33, 37, 43, 46
5, 9, 13, 17, 23, 29, 33, 39, 35, 46
5, 9, 13, 17, 23, 29, 33, 39, 43, 46
5, 9, 13, 17, 23, 29, 33, 39, 45, 46
5, 9, 13, 17, 23, 29, 35, 46
5, 9, 13, 19, 15, 46
5, 9, 13, 19, 23, 27, 21, 46
5, 9, 13, 19, 23, 27, 31, 46
5, 9, 13, 19, 23, 27, 33, 29, 25, 46
5, 9, 13, 19, 23, 27, 33, 29, 35, 46
5, 9, 13, 19, 23, 27, 33, 37, 41, 46
5, 9, 13, 19, 23, 27, 33, 37, 43, 46
5, 9, 13, 19, 23, 27, 33, 39, 35, 46
5, 9, 13, 19, 23, 27, 33, 39, 43, 46
5, 9, 13, 19, 23, 27, 33, 39, 45, 46
5, 9, 13, 19, 23, 29, 25, 46
5, 9, 13, 19, 23, 29, 33, 37, 31, 46
5, 9, 13, 19, 23, 29, 33, 37, 41, 46
5, 9, 13, 19, 23, 29, 33, 37, 43, 46
5, 9, 13, 19, 23, 29, 33, 39, 35, 46
5, 9, 13, 19, 23, 29, 33, 39, 43, 46
5, 9, 13, 19, 23, 29, 33, 39, 45, 46
5, 9, 13, 19, 23, 29, 35, 46
5, 9, 13, 19, 25, 46
5, 9, 15, 46
6, 12, 8, 14, 10, 46
6, 12, 8, 14, 18, 22, 16, 46
6, 12, 8, 14, 18, 22, 26, 46
6, 12, 8, 14, 18, 22, 28, 24, 20, 46
6, 12, 8, 14, 18, 22, 28, 24, 30, 46
6, 12, 8, 14, 18, 22, 28, 32, 36, 46
6, 12, 8, 14, 18, 22, 28, 32, 38, 34, 30, 46
6, 12, 8, 14, 18, 22, 28, 32, 38, 34, 40, 46
6, 12, 8, 14, 18, 22, 28, 32, 38, 42, 46
6, 12, 8, 14, 18, 22, 28, 32, 38, 44, 46
6, 12, 8, 14, 18, 22, 28, 34, 30, 46
6, 12, 8, 14, 18, 22, 28, 34, 38, 42, 46
6, 12, 8, 14, 18, 22, 28, 34, 38, 44, 46
6, 12, 8, 14, 18, 22, 28, 34, 40, 46
6, 12, 8, 14, 18, 24, 20, 46
6, 12, 8, 14, 18, 24, 28, 32, 26, 46
6, 12, 8, 14, 18, 24, 28, 32, 36, 46
6, 12, 8, 14, 18, 24, 28, 32, 38, 34, 30, 46
6, 12, 8, 14, 18, 24, 28, 32, 38, 34, 40, 46
6, 12, 8, 14, 18, 24, 28, 32, 38, 42, 46
6, 12, 8, 14, 18, 24, 28, 32, 38, 44, 46
6, 12, 8, 14, 18, 24, 28, 34, 30, 46
6, 12, 8, 14, 18, 24, 28, 34, 38, 42, 46
6, 12, 8, 14, 18, 24, 28, 34, 38, 44, 46
6, 12, 8, 14, 18, 24, 28, 34, 40, 46
6, 12, 8, 14, 18, 24, 30, 46
6, 12, 8, 14, 20, 46
6, 12, 16, 46
6, 12, 18, 14, 10, 46
6, 12, 18, 14, 20, 46
6, 12, 18, 22, 26, 46
6, 12, 18, 22, 28, 24, 20, 46
6, 12, 18, 22, 28, 24, 30, 46
6, 12, 18, 22, 28, 32, 36, 46
6, 12, 18, 22, 28, 32, 38, 34, 30, 46
6, 12, 18, 22, 28, 32, 38, 34, 40, 46
6, 12, 18, 22, 28, 32, 38, 42, 46
6, 12, 18, 22, 28, 32, 38, 44, 46
6, 12, 18, 22, 28, 34, 30, 46
6, 12, 18, 22, 28, 34, 38, 42, 46
6, 12, 18, 22, 28, 34, 38, 44, 46
6, 12, 18, 22, 28, 34, 40, 46
6, 12, 18, 24, 20, 46
6, 12, 18, 24, 28, 32, 26, 46
6, 12, 18, 24, 28, 32, 36, 46
6, 12, 18, 24, 28, 32, 38, 34, 30, 46
6, 12, 18, 24, 28, 32, 38, 34, 40, 46
6, 12, 18, 24, 28, 32, 38, 42, 46
6, 12, 18, 24, 28, 32, 38, 44, 46
6, 12, 18, 24, 28, 34, 30, 46
6, 12, 18, 24, 28, 34, 38, 42, 46
6, 12, 18, 24, 28, 34, 38, 44, 46
6, 12, 18, 24, 28, 34, 40, 46
6, 12, 18, 24, 30, 46
7, 11, 17, 13
8, 12, 16, 22, 18, 14
8, 12, 18, 14
9, 13, 17, 11, 46, 15
9, 13, 17, 21, 27, 23, 19, 15
9, 13, 17, 21, 46, 15
9, 13, 17, 23, 19, 15
9, 13, 17, 23, 27, 31, 46, 15
9, 13, 17, 23, 27, 33, 29, 25, 46, 15
9, 13, 17, 23, 27, 33, 29, 35, 46, 15
9, 13, 17, 23, 27, 33, 37, 41, 46, 15
9, 13, 17, 23, 27, 33, 37, 43, 46, 15
9, 13, 17, 23, 27, 33, 39, 35, 46, 15
9, 13, 17, 23, 27, 33, 39, 43, 46, 15
9, 13, 17, 23, 27, 33, 39, 45, 46, 15
9, 13, 17, 23, 29, 25, 46, 15
9, 13, 17, 23, 29, 33, 37, 31, 46, 15
9, 13, 17, 23, 29, 33, 37, 41, 46, 15
9, 13, 17, 23, 29, 33, 37, 43, 46, 15
9, 13, 17, 23, 29, 33, 39, 35, 46, 15
9, 13, 17, 23, 29, 33, 39, 43, 46, 15
9, 13, 17, 23, 29, 33, 39, 45, 46, 15
9, 13, 17, 23, 29, 35, 46, 15
9, 13, 19, 15
10, 14, 18, 12, 16, 46
10, 14, 18, 22, 16, 46
10, 14, 18, 22, 26, 46
10, 14, 18, 22, 28, 24, 20, 46
10, 14, 18, 22, 28, 24, 30, 46
10, 14, 18, 22, 28, 32, 36, 46
10, 14, 18, 22, 28, 32, 38, 34, 30, 46
10, 14, 18, 22, 28, 32, 38, 34, 40, 46
10, 14, 18, 22, 28, 32, 38, 42, 46
10, 14, 18, 22, 28, 32, 38, 44, 46
10, 14, 18, 22, 28, 34, 30, 46
10, 14, 18, 22, 28, 34, 38, 42, 46
10, 14, 18, 22, 28, 34, 38, 44, 46
10, 14, 18, 22, 28, 34, 40, 46
10, 14, 18, 24, 20, 46
10, 14, 18, 24, 28, 32, 26, 46
10, 14, 18, 24, 28, 32, 36, 46
10, 14, 18, 24, 28, 32, 38, 34, 30, 46
10, 14, 18, 24, 28, 32, 38, 34, 40, 46
10, 14, 18, 24, 28, 32, 38, 42, 46
10, 14, 18, 24, 28, 32, 38, 44, 46
10, 14, 18, 24, 28, 34, 30, 46
10, 14, 18, 24, 28, 34, 38, 42, 46
10, 14, 18, 24, 28, 34, 38, 44, 46
10, 14, 18, 24, 28, 34, 40, 46
10, 14, 18, 24, 30, 46
10, 14, 20, 46
11, 17, 13, 19, 15, 46
11, 17, 13, 19, 23, 27, 21, 46
11, 17, 13, 19, 23, 27, 31, 46
11, 17, 13, 19, 23, 27, 33, 29, 25, 46
11, 17, 13, 19, 23, 27, 33, 29, 35, 46
11, 17, 13, 19, 23, 27, 33, 37, 41, 46
11, 17, 13, 19, 23, 27, 33, 37, 43, 46
11, 17, 13, 19, 23, 27, 33, 39, 35, 46
11, 17, 13, 19, 23, 27, 33, 39, 43, 46
11, 17, 13, 19, 23, 27, 33, 39, 45, 46
11, 17, 13, 19, 23, 29, 25, 46
11, 17, 13, 19, 23, 29, 33, 37, 31, 46
11, 17, 13, 19, 23, 29, 33, 37, 41, 46
11, 17, 13, 19, 23, 29, 33, 37, 43, 46
11, 17, 13, 19, 23, 29, 33, 39, 35, 46
11, 17, 13, 19, 23, 29, 33, 39, 43, 46
11, 17, 13, 19, 23, 29, 33, 39, 45, 46
11, 17, 13, 19, 23, 29, 35, 46
11, 17, 13, 19, 25, 46
11, 17, 21, 46
11, 17, 23, 19, 15, 46
11, 17, 23, 19, 25, 46
11, 17, 23, 27, 31, 46
11, 17, 23, 27, 33, 29, 25, 46
11, 17, 23, 27, 33, 29, 35, 46
11, 17, 23, 27, 33, 37, 41, 46
11, 17, 23, 27, 33, 37, 43, 46
11, 17, 23, 27, 33, 39, 35, 46
11, 17, 23, 27, 33, 39, 43, 46
11, 17, 23, 27, 33, 39, 45, 46
11, 17, 23, 29, 25, 46
11, 17, 23, 29, 33, 37, 31, 46
11, 17, 23, 29, 33, 37, 41, 46
11, 17, 23, 29, 33, 37, 43, 46
11, 17, 23, 29, 33, 39, 35, 46
11, 17, 23, 29, 33, 39, 43, 46
11, 17, 23, 29, 33, 39, 45, 46
11, 17, 23, 29, 35, 46
12, 16, 22, 18
13, 17, 21, 27, 23, 19
13, 17, 23, 19
14, 18, 22, 16, 46, 20
14, 18, 22, 26, 32, 28, 24, 20
14, 18, 22, 26, 46, 20
14, 18, 22, 28, 24, 20
14, 18, 22, 28, 32, 36, 46, 20
14, 18, 22, 28, 32, 38, 34, 30, 46, 20
14, 18, 22, 28, 32, 38, 34, 40, 46, 20
14, 18, 22, 28, 32, 38, 42, 46, 20
14, 18, 22, 28, 32, 38, 44, 46, 20
14, 18, 22, 28, 34, 30, 46, 20
14, 18, 22, 28, 34, 38, 42, 46, 20
14, 18, 22, 28, 34, 38, 44, 46, 20
14, 18, 22, 28, 34, 40, 46, 20
14, 18, 24, 20
15, 19, 23, 17, 21, 46
15, 19, 23, 27, 21, 46
15, 19, 23, 27, 31, 46
15, 19, 23, 27, 33, 29, 25, 46
15, 19, 23, 27, 33, 29, 35, 46
15, 19, 23, 27, 33, 37, 41, 46
15, 19, 23, 27, 33, 37, 43, 46
15, 19, 23, 27, 33, 39, 35, 46
15, 19, 23, 27, 33, 39, 43, 46
15, 19, 23, 27, 33, 39, 45, 46
15, 19, 23, 29, 25, 46
15, 19, 23, 29, 33, 37, 31, 46
15, 19, 23, 29, 33, 37, 41, 46
15, 19, 23, 29, 33, 37, 43, 46
15, 19, 23, 29, 33, 39, 35, 46
15, 19, 23, 29, 33, 39, 43, 46
15, 19, 23, 29, 33, 39, 45, 46
15, 19, 23, 29, 35, 46
15, 19, 25, 46
16, 22, 18, 24, 20, 46
16, 22, 18, 24, 28, 32, 26, 46
16, 22, 18, 24, 28, 32, 36, 46
16, 22, 18, 24, 28, 32, 38, 34, 30, 46
16, 22, 18, 24, 28, 32, 38, 34, 40, 46
16, 22, 18, 24, 28, 32, 38, 42, 46
16, 22, 18, 24, 28, 32, 38, 44, 46
16, 22, 18, 24, 28, 34, 30, 46
16, 22, 18, 24, 28, 34, 38, 42, 46
16, 22, 18, 24, 28, 34, 38, 44, 46
16, 22, 18, 24, 28, 34, 40, 46
16, 22, 18, 24, 30, 46
16, 22, 26, 46
16, 22, 28, 24, 20, 46
16, 22, 28, 24, 30, 46
16, 22, 28, 32, 36, 46
16, 22, 28, 32, 38, 34, 30, 46
16, 22, 28, 32, 38, 34, 40, 46
16, 22, 28, 32, 38, 42, 46
16, 22, 28, 32, 38, 44, 46
16, 22, 28, 34, 30, 46
16, 22, 28, 34, 38, 42, 46
16, 22, 28, 34, 38, 44, 46
16, 22, 28, 34, 40, 46
17, 21, 27, 23
18, 22, 26, 32, 28, 24
18, 22, 28, 24
19, 23, 27, 21, 46, 25
19, 23, 27, 31, 37, 33, 29, 25
19, 23, 27, 31, 46, 25
19, 23, 27, 33, 29, 25
19, 23, 27, 33, 37, 41, 46, 25
19, 23, 27, 33, 37, 43, 46, 25
19, 23, 27, 33, 39, 35, 46, 25
19, 23, 27, 33, 39, 43, 46, 25
19, 23, 27, 33, 39, 45, 46, 25
19, 23, 29, 25
20, 24, 28, 22, 26, 46
20, 24, 28, 32, 26, 46
20, 24, 28, 32, 36, 46
20, 24, 28, 32, 38, 34, 30, 46
20, 24, 28, 32, 38, 34, 40, 46
20, 24, 28, 32, 38, 42, 46
20, 24, 28, 32, 38, 44, 46
20, 24, 28, 34, 30, 46
20, 24, 28, 34, 38, 42, 46
20, 24, 28, 34, 38, 44, 46
20, 24, 28, 34, 40, 46
20, 24, 30, 46
21, 27, 23, 29, 25, 46
21, 27, 23, 29, 33, 37, 31, 46
21, 27, 23, 29, 33, 37, 41, 46
21, 27, 23, 29, 33, 37, 43, 46
21, 27, 23, 29, 33, 39, 35, 46
21, 27, 23, 29, 33, 39, 43, 46
21, 27, 23, 29, 33, 39, 45, 46
21, 27, 23, 29, 35, 46
21, 27, 31, 46
21, 27, 33, 29, 25, 46
21, 27, 33, 29, 35, 46
21, 27, 33, 37, 41, 46
21, 27, 33, 37, 43, 46
21, 27, 33, 39, 35, 46
21, 27, 33, 39, 43, 46
21, 27, 33, 39, 45, 46
22, 26, 32, 28
23, 27, 31, 37, 33, 29
23, 27, 33, 29
24, 28, 32, 26, 46, 30
24, 28, 32, 36, 46, 30
24, 28, 32, 38, 34, 30
24, 28, 32, 38, 42, 46, 30
24, 28, 32, 38, 44, 46, 30
24, 28, 34, 30
25, 29, 33, 27, 31, 46
25, 29, 33, 37, 31, 46
25, 29, 33, 37, 41, 46
25, 29, 33, 37, 43, 46
25, 29, 33, 39, 35, 46
25, 29, 33, 39, 43, 46
25, 29, 33, 39, 45, 46
25, 29, 35, 46
26, 32, 28, 34, 30, 46
26, 32, 28, 34, 38, 42, 46
26, 32, 28, 34, 38, 44, 46
26, 32, 28, 34, 40, 46
26, 32, 36, 46
26, 32, 38, 34, 30, 46
26, 32, 38, 34, 40, 46
26, 32, 38, 42, 46
26, 32, 38, 44, 46
27, 31, 37, 33
28, 32, 38, 34
29, 33, 37, 31, 46, 35
29, 33, 37, 41, 46, 35
29, 33, 37, 43, 39, 35
29, 33, 37, 43, 46, 35
29, 33, 39, 35
30, 34, 38, 32, 36, 46
30, 34, 38, 42, 46
30, 34, 38, 44, 46
30, 34, 40, 46
31, 37, 33, 39, 35, 46
31, 37, 33, 39, 43, 46
31, 37, 33, 39, 45, 46
31, 37, 41, 46
31, 37, 43, 46
33, 37, 43, 39
34, 38, 42, 46, 40
34, 38, 44, 40
35, 39, 43, 46
35, 39, 45, 46
36, 42, 46
37, 41, 46, 43
38, 42, 46, 44
39, 43, 46, 45
40, 44, 46
