1, 10, 3, 49
1, 10, 17, 49
1, 10, 19, 12, 5, 49
1, 10, 19, 12, 21, 14, 7, 49
1, 10, 19, 12, 21, 14, 23, 16, 49
1, 10, 19, 12, 21, 14, 23, 30, 37, 28, 35, 26, 33, 49
1, 10, 19, 12, 21, 14, 23, 30, 37, 28, 35, 42, 49
1, 10, 19, 12, 21, 14, 23, 30, 37, 28, 35, 44, 49
1, 10, 19, 12, 21, 14, 23, 30, 37, 44, 49
1, 10, 19, 12, 21, 14, 23, 30, 37, 46, 49
1, 10, 19, 12, 21, 14, 23, 30, 39, 32, 49
1, 10, 19, 12, 21, 14, 23, 30, 39, 46, 49
1, 10, 19, 12, 21, 14, 23, 30, 39, 48, 49
1, 10, 19, 12, 21, 14, 23, 32, 49
1, 10, 19, 12, 21, 28, 35, 26, 33, 49
1, 10, 19, 12, 21, 28, 35, 42, 49
1, 10, 19, 12, 21, 28, 35, 44, 49
1, 10, 19, 12, 21, 28, 37, 30, 23, 16, 49
1, 10, 19, 12, 21, 28, 37, 30, 23, 32, 49
1, 10, 19, 12, 21, 28, 37, 30, 39, 32, 49
1, 10, 19, 12, 21, 28, 37, 30, 39, 46, 49
1, 10, 19, 12, 21, 28, 37, 30, 39, 48, 49
1, 10, 19, 12, 21, 28, 37, 44, 49
1, 10, 19, 12, 21, 28, 37, 46, 49
1, 10, 19, 12, 21, 30, 23, 16, 49
1, 10, 19, 12, 21, 30, 23, 32, 49
1, 10, 19, 12, 21, 30, 37, 44, 49
1, 10, 19, 12, 21, 30, 37, 46, 49
1, 10, 19, 12, 21, 30, 39, 32, 49
1, 10, 19, 12, 21, 30, 39, 46, 49
1, 10, 19, 12, 21, 30, 39, 48, 49
1, 10, 19, 26, 33, 49
1, 10, 19, 26, 35, 28, 21, 14, 5, 49
1, 10, 19, 26, 35, 28, 21, 14, 7, 49
1, 10, 19, 26, 35, 28, 21, 14, 23, 16, 49
1, 10, 19, 26, 35, 28, 21, 14, 23, 30, 37, 44, 49
1, 10, 19, 26, 35, 28, 21, 14, 23, 30, 37, 46, 49
1, 10, 19, 26, 35, 28, 21, 14, 23, 30, 39, 32, 49
1, 10, 19, 26, 35, 28, 21, 14, 23, 30, 39, 46, 49
1, 10, 19, 26, 35, 28, 21, 14, 23, 30, 39, 48, 49
1, 10, 19, 26, 35, 28, 21, 14, 23, 32, 49
1, 10, 19, 26, 35, 28, 21, 30, 23, 16, 49
1, 10, 19, 26, 35, 28, 21, 30, 23, 32, 49
1, 10, 19, 26, 35, 28, 21, 30, 37, 44, 49
1, 10, 19, 26, 35, 28, 21, 30, 37, 46, 49
1, 10, 19, 26, 35, 28, 21, 30, 39, 32, 49
1, 10, 19, 26, 35, 28, 21, 30, 39, 46, 49
1, 10, 19, 26, 35, 28, 21, 30, 39, 48, 49
1, 10, 19, 26, 35, 28, 37, 30, 23, 14, 5, 49
1, 10, 19, 26, 35, 28, 37, 30, 23, 14, 7, 49
1, 10, 19, 26, 35, 28, 37, 30, 23, 16, 49
1, 10, 19, 26, 35, 28, 37, 30, 23, 32, 49
1, 10, 19, 26, 35, 28, 37, 30, 39, 32, 49
1, 10, 19, 26, 35, 28, 37, 30, 39, 46, 49
1, 10, 19, 26, 35, 28, 37, 30, 39, 48, 49
1, 10, 19, 26, 35, 28, 37, 44, 49
1, 10, 19, 26, 35, 28, 37, 46, 49
1, 10, 19, 26, 35, 42, 49
1, 10, 19, 26, 35, 44, 49
1, 10, 19, 28, 21, 14, 5, 49
1, 10, 19, 28, 21, 14, 7, 49
1, 10, 19, 28, 21, 14, 23, 16, 49
1, 10, 19, 28, 21, 14, 23, 30, 37, 44, 49
1, 10, 19, 28, 21, 14, 23, 30, 37, 46, 49
1, 10, 19, 28, 21, 14, 23, 30, 39, 32, 49
1, 10, 19, 28, 21, 14, 23, 30, 39, 46, 49
1, 10, 19, 28, 21, 14, 23, 30, 39, 48, 49
1, 10, 19, 28, 21, 14, 23, 32, 49
1, 10, 19, 28, 21, 30, 23, 16, 49
1, 10, 19, 28, 21, 30, 23, 32, 49
1, 10, 19, 28, 21, 30, 37, 44, 49
1, 10, 19, 28, 21, 30, 37, 46, 49
1, 10, 19, 28, 21, 30, 39, 32, 49
1, 10, 19, 28, 21, 30, 39, 46, 49
1, 10, 19, 28, 21, 30, 39, 48, 49
1, 10, 19, 28, 35, 42, 49
1, 10, 19, 28, 35, 44, 49
1, 10, 19, 28, 37, 30, 23, 14, 5, 49
1, 10, 19, 28, 37, 30, 23, 14, 7, 49
1, 10, 19, 28, 37, 30, 23, 16, 49
1, 10, 19, 28, 37, 30, 23, 32, 49
1, 10, 19, 28, 37, 30, 39, 32, 49
1, 10, 19, 28, 37, 30, 39, 46, 49
1, 10, 19, 28, 37, 30, 39, 48, 49
1, 10, 19, 28, 37, 44, 49
1, 10, 19, 28, 37, 46, 49
2, 9, 49
2, 11, 4, 49
2, 11, 18, 25, 49
2, 11, 18, 27, 20, 13, 6, 49
2, 11, 18, 27, 20, 13, 22, 15, 8, 49
2, 11, 18, 27, 20, 13, 22, 15, 24, 49
2, 11, 18, 27, 20, 13, 22, 29, 36, 43, 49
2, 11, 18, 27, 20, 13, 22, 29, 36, 45, 49
2, 11, 18, 27, 20, 13, 22, 29, 38, 31, 24, 49
2, 11, 18, 27, 20, 13, 22, 29, 38, 31, 40, 49
2, 11, 18, 27, 20, 13, 22, 29, 38, 45, 49
2, 11, 18, 27, 20, 13, 22, 29, 38, 47, 49
2, 11, 18, 27, 20, 13, 22, 31, 24, 49
2, 11, 18, 27, 20, 13, 22, 31, 38, 45, 49
2, 11, 18, 27, 20, 13, 22, 31, 38, 47, 49
2, 11, 18, 27, 20, 13, 22, 31, 40, 49
2, 11, 18, 27, 20, 29, 22, 15, 6, 49
2, 11, 18, 27, 20, 29, 22, 15, 8, 49
2, 11, 18, 27, 20, 29, 22, 15, 24, 49
2, 11, 18, 27, 20, 29, 22, 31, 24, 49
2, 11, 18, 27, 20, 29, 22, 31, 38, 45, 49
2, 11, 18, 27, 20, 29, 22, 31, 38, 47, 49
2, 11, 18, 27, 20, 29, 22, 31, 40, 49
2, 11, 18, 27, 20, 29, 36, 43, 49
2, 11, 18, 27, 20, 29, 36, 45, 49
2, 11, 18, 27, 20, 29, 38, 31, 24, 49
2, 11, 18, 27, 20, 29, 38, 31, 40, 49
2, 11, 18, 27, 20, 29, 38, 45, 49
2, 11, 18, 27, 20, 29, 38, 47, 49
2, 11, 18, 27, 34, 41, 49
2, 11, 18, 27, 34, 43, 49
2, 11, 18, 27, 36, 29, 22, 13, 6, 49
2, 11, 18, 27, 36, 29, 22, 15, 6, 49
2, 11, 18, 27, 36, 29, 22, 15, 8, 49
2, 11, 18, 27, 36, 29, 22, 15, 24, 49
2, 11, 18, 27, 36, 29, 22, 31, 24, 49
2, 11, 18, 27, 36, 29, 22, 31, 38, 45, 49
2, 11, 18, 27, 36, 29, 22, 31, 38, 47, 49
2, 11, 18, 27, 36, 29, 22, 31, 40, 49
2, 11, 18, 27, 36, 29, 38, 31, 24, 49
2, 11, 18, 27, 36, 29, 38, 31, 40, 49
2, 11, 18, 27, 36, 29, 38, 45, 49
2, 11, 18, 27, 36, 29, 38, 47, 49
2, 11, 18, 27, 36, 43, 49
2, 11, 18, 27, 36, 45, 49
2, 11, 20, 13, 6, 49
2, 11, 20, 13, 22, 15, 8, 49
2, 11, 20, 13, 22, 15, 24, 49
2, 11, 20, 13, 22, 29, 36, 27, 34, 25, 49
2, 11, 20, 13, 22, 29, 36, 27, 34, 41, 49
2, 11, 20, 13, 22, 29, 36, 27, 34, 43, 49
2, 11, 20, 13, 22, 29, 36, 43, 49
2, 11, 20, 13, 22, 29, 36, 45, 49
2, 11, 20, 13, 22, 29, 38, 31, 24, 49
2, 11, 20, 13, 22, 29, 38, 31, 40, 49
2, 11, 20, 13, 22, 29, 38, 45, 49
2, 11, 20, 13, 22, 29, 38, 47, 49
2, 11, 20, 13, 22, 31, 24, 49
2, 11, 20, 13, 22, 31, 38, 45, 49
2, 11, 20, 13, 22, 31, 38, 47, 49
2, 11, 20, 13, 22, 31, 40, 49
2, 11, 20, 27, 34, 25, 49
2, 11, 20, 27, 34, 41, 49
2, 11, 20, 27, 34, 43, 49
2, 11, 20, 27, 36, 29, 22, 15, 6, 49
2, 11, 20, 27, 36, 29, 22, 15, 8, 49
2, 11, 20, 27, 36, 29, 22, 15, 24, 49
2, 11, 20, 27, 36, 29, 22, 31, 24, 49
2, 11, 20, 27, 36, 29, 22, 31, 38, 45, 49
2, 11, 20, 27, 36, 29, 22, 31, 38, 47, 49
2, 11, 20, 27, 36, 29, 22, 31, 40, 49
2, 11, 20, 27, 36, 29, 38, 31, 24, 49
2, 11, 20, 27, 36, 29, 38, 31, 40, 49
2, 11, 20, 27, 36, 29, 38, 45, 49
2, 11, 20, 27, 36, 29, 38, 47, 49
2, 11, 20, 27, 36, 43, 49
2, 11, 20, 27, 36, 45, 49
2, 11, 20, 29, 22, 15, 6, 49
2, 11, 20, 29, 22, 15, 8, 49
2, 11, 20, 29, 22, 15, 24, 49
2, 11, 20, 29, 22, 31, 24, 49
2, 11, 20, 29, 22, 31, 38, 45, 49
2, 11, 20, 29, 22, 31, 38, 47, 49
2, 11, 20, 29, 22, 31, 40, 49
2, 11, 20, 29, 36, 43, 49
2, 11, 20, 29, 36, 45, 49
2, 11, 20, 29, 38, 31, 24, 49
2, 11, 20, 29, 38, 31, 40, 49
2, 11, 20, 29, 38, 45, 49
2, 11, 20, 29, 38, 47, 49
3, 10, 17, 49
3, 10, 19, 12
3, 10, 19, 12, 5, 49
3, 10, 19, 12, 21, 14, 7, 49
3, 10, 19, 12, 21, 14, 23, 16, 49
3, 10, 19, 12, 21, 14, 23, 30, 37, 28, 35, 26, 33, 49
3, 10, 19, 12, 21, 14, 23, 30, 37, 28, 35, 42, 49
3, 10, 19, 12, 21, 14, 23, 30, 37, 28, 35, 44, 49
3, 10, 19, 12, 21, 14, 23, 30, 37, 44, 49
3, 10, 19, 12, 21, 14, 23, 30, 37, 46, 49
3, 10, 19, 12, 21, 14, 23, 30, 39, 32, 49
3, 10, 19, 12, 21, 14, 23, 30, 39, 46, 49
3, 10, 19, 12, 21, 14, 23, 30, 39, 48, 49
3, 10, 19, 12, 21, 14, 23, 32, 49
3, 10, 19, 12, 21, 28, 35, 26, 33, 49
3, 10, 19, 12, 21, 28, 35, 42, 49
3, 10, 19, 12, 21, 28, 35, 44, 49
3, 10, 19, 12, 21, 28, 37, 30, 23, 16, 49
3, 10, 19, 12, 21, 28, 37, 30, 23, 32, 49
3, 10, 19, 12, 21, 28, 37, 30, 39, 32, 49
3, 10, 19, 12, 21, 28, 37, 30, 39, 46, 49
3, 10, 19, 12, 21, 28, 37, 30, 39, 48, 49
3, 10, 19, 12, 21, 28, 37, 44, 49
3, 10, 19, 12, 21, 28, 37, 46, 49
3, 10, 19, 12, 21, 30, 23, 16, 49
3, 10, 19, 12, 21, 30, 23, 32, 49
3, 10, 19, 12, 21, 30, 37, 44, 49
3, 10, 19, 12, 21, 30, 37, 46, 49
3, 10, 19, 12, 21, 30, 39, 32, 49
3, 10, 19, 12, 21, 30, 39, 46, 49
3, 10, 19, 12, 21, 30, 39, 48, 49
3, 10, 19, 26, 33, 49
3, 10, 19, 26, 35, 28, 21, 14, 5, 49
3, 10, 19, 26, 35, 28, 21, 14, 7, 49
3, 10, 19, 26, 35, 28, 21, 14, 23, 16, 49
3, 10, 19, 26, 35, 28, 21, 14, 23, 30, 37, 44, 49
3, 10, 19, 26, 35, 28, 21, 14, 23, 30, 37, 46, 49
3, 10, 19, 26, 35, 28, 21, 14, 23, 30, 39, 32, 49
3, 10, 19, 26, 35, 28, 21, 14, 23, 30, 39, 46, 49
3, 10, 19, 26, 35, 28, 21, 14, 23, 30, 39, 48, 49
3, 10, 19, 26, 35, 28, 21, 14, 23, 32, 49
3, 10, 19, 26, 35, 28, 21, 30, 23, 16, 49
3, 10, 19, 26, 35, 28, 21, 30, 23, 32, 49
3, 10, 19, 26, 35, 28, 21, 30, 37, 44, 49
3, 10, 19, 26, 35, 28, 21, 30, 37, 46, 49
3, 10, 19, 26, 35, 28, 21, 30, 39, 32, 49
3, 10, 19, 26, 35, 28, 21, 30, 39, 46, 49
3, 10, 19, 26, 35, 28, 21, 30, 39, 48, 49
3, 10, 19, 26, 35, 28, 37, 30, 23, 14, 5, 49
3, 10, 19, 26, 35, 28, 37, 30, 23, 14, 7, 49
3, 10, 19, 26, 35, 28, 37, 30, 23, 16, 49
3, 10, 19, 26, 35, 28, 37, 30, 23, 32, 49
3, 10, 19, 26, 35, 28, 37, 30, 39, 32, 49
3, 10, 19, 26, 35, 28, 37, 30, 39, 46, 49
3, 10, 19, 26, 35, 28, 37, 30, 39, 48, 49
3, 10, 19, 26, 35, 28, 37, 44, 49
3, 10, 19, 26, 35, 28, 37, 46, 49
3, 10, 19, 26, 35, 42, 49
3, 10, 19, 26, 35, 44, 49
3, 10, 19, 28, 21, 14, 5, 49
3, 10, 19, 28, 21, 14, 7, 49
3, 10, 19, 28, 21, 14, 23, 16, 49
3, 10, 19, 28, 21, 14, 23, 30, 37, 44, 49
3, 10, 19, 28, 21, 14, 23, 30, 37, 46, 49
3, 10, 19, 28, 21, 14, 23, 30, 39, 32, 49
3, 10, 19, 28, 21, 14, 23, 30, 39, 46, 49
3, 10, 19, 28, 21, 14, 23, 30, 39, 48, 49
3, 10, 19, 28, 21, 14, 23, 32, 49
3, 10, 19, 28, 21, 30, 23, 16, 49
3, 10, 19, 28, 21, 30, 23, 32, 49
3, 10, 19, 28, 21, 30, 37, 44, 49
3, 10, 19, 28, 21, 30, 37, 46, 49
3, 10, 19, 28, 21, 30, 39, 32, 49
3, 10, 19, 28, 21, 30, 39, 46, 49
3, 10, 19, 28, 21, 30, 39, 48, 49
3, 10, 19, 28, 35, 42, 49
3, 10, 19, 28, 35, 44, 49
3, 10, 19, 28, 37, 30, 23, 14, 5, 49
3, 10, 19, 28, 37, 30, 23, 14, 7, 49
3, 10, 19, 28, 37, 30, 23, 16, 49
3, 10, 19, 28, 37, 30, 23, 32, 49
3, 10, 19, 28, 37, 30, 39, 32, 49
3, 10, 19, 28, 37, 30, 39, 46, 49
3, 10, 19, 28, 37, 30, 39, 48, 49
3, 10, 19, 28, 37, 44, 49
3, 10, 19, 28, 37, 46, 49
3, 12, 5, 49
3, 12, 19, 26, 17, 49
3, 12, 19, 26, 33, 49
3, 12, 19, 26, 35, 28, 21, 14, 7, 49
3, 12, 19, 26, 35, 28, 21, 14, 23, 16, 49
3, 12, 19, 26, 35, 28, 21, 14, 23, 30, 37, 44, 49
3, 12, 19, 26, 35, 28, 21, 14, 23, 30, 37, 46, 49
3, 12, 19, 26, 35, 28, 21, 14, 23, 30, 39, 32, 49
3, 12, 19, 26, 35, 28, 21, 14, 23, 30, 39, 46, 49
3, 12, 19, 26, 35, 28, 21, 14, 23, 30, 39, 48, 49
3, 12, 19, 26, 35, 28, 21, 14, 23, 32, 49
3, 12, 19, 26, 35, 28, 21, 30, 23, 16, 49
3, 12, 19, 26, 35, 28, 21, 30, 23, 32, 49
3, 12, 19, 26, 35, 28, 21, 30, 37, 44, 49
3, 12, 19, 26, 35, 28, 21, 30, 37, 46, 49
3, 12, 19, 26, 35, 28, 21, 30, 39, 32, 49
3, 12, 19, 26, 35, 28, 21, 30, 39, 46, 49
3, 12, 19, 26, 35, 28, 21, 30, 39, 48, 49
3, 12, 19, 26, 35, 28, 37, 30, 23, 14, 7, 49
3, 12, 19, 26, 35, 28, 37, 30, 23, 16, 49
3, 12, 19, 26, 35, 28, 37, 30, 23, 32, 49
3, 12, 19, 26, 35, 28, 37, 30, 39, 32, 49
3, 12, 19, 26, 35, 28, 37, 30, 39, 46, 49
3, 12, 19, 26, 35, 28, 37, 30, 39, 48, 49
3, 12, 19, 26, 35, 28, 37, 44, 49
3, 12, 19, 26, 35, 28, 37, 46, 49
3, 12, 19, 26, 35, 42, 49
3, 12, 19, 26, 35, 44, 49
3, 12, 19, 28, 21, 14, 7, 49
3, 12, 19, 28, 21, 14, 23, 16, 49
3, 12, 19, 28, 21, 14, 23, 30, 37, 44, 49
3, 12, 19, 28, 21, 14, 23, 30, 37, 46, 49
3, 12, 19, 28, 21, 14, 23, 30, 39, 32, 49
3, 12, 19, 28, 21, 14, 23, 30, 39, 46, 49
3, 12, 19, 28, 21, 14, 23, 30, 39, 48, 49
3, 12, 19, 28, 21, 14, 23, 32, 49
3, 12, 19, 28, 21, 30, 23, 16, 49
3, 12, 19, 28, 21, 30, 23, 32, 49
3, 12, 19, 28, 21, 30, 37, 44, 49
3, 12, 19, 28, 21, 30, 37, 46, 49
3, 12, 19, 28, 21, 30, 39, 32, 49
3, 12, 19, 28, 21, 30, 39, 46, 49
3, 12, 19, 28, 21, 30, 39, 48, 49
3, 12, 19, 28, 35, 42, 49
3, 12, 19, 28, 35, 44, 49
3, 12, 19, 28, 37, 30, 23, 14, 7, 49
3, 12, 19, 28, 37, 30, 23, 16, 49
3, 12, 19, 28, 37, 30, 23, 32, 49
3, 12, 19, 28, 37, 30, 39, 32, 49
3, 12, 19, 28, 37, 30, 39, 46, 49
3, 12, 19, 28, 37, 30, 39, 48, 49
3, 12, 19, 28, 37, 44, 49
3, 12, 19, 28, 37, 46, 49
3, 12, 21, 14, 7, 49
3, 12, 21, 14, 23, 16, 49
3, 12, 21, 14, 23, 30, 37, 28, 35, 26, 17, 49
3, 12, 21, 14, 23, 30, 37, 28, 35, 26, 33, 49
3, 12, 21, 14, 23, 30, 37, 28, 35, 42, 49
3, 12, 21, 14, 23, 30, 37, 28, 35, 44, 49
3, 12, 21, 14, 23, 30, 37, 44, 49
3, 12, 21, 14, 23, 30, 37, 46, 49
3, 12, 21, 14, 23, 30, 39, 32, 49
3, 12, 21, 14, 23, 30, 39, 46, 49
3, 12, 21, 14, 23, 30, 39, 48, 49
3, 12, 21, 14, 23, 32, 49
3, 12, 21, 28, 35, 26, 17, 49
3, 12, 21, 28, 35, 26, 33, 49
3, 12, 21, 28, 35, 42, 49
3, 12, 21, 28, 35, 44, 49
3, 12, 21, 28, 37, 30, 23, 16, 49
3, 12, 21, 28, 37, 30, 23, 32, 49
3, 12, 21, 28, 37, 30, 39, 32, 49
3, 12, 21, 28, 37, 30, 39, 46, 49
3, 12, 21, 28, 37, 30, 39, 48, 49
3, 12, 21, 28, 37, 44, 49
3, 12, 21, 28, 37, 46, 49
3, 12, 21, 30, 23, 16, 49
3, 12, 21, 30, 23, 32, 49
3, 12, 21, 30, 37, 44, 49
3, 12, 21, 30, 37, 46, 49
3, 12, 21, 30, 39, 32, 49
3, 12, 21, 30, 39, 46, 49
3, 12, 21, 30, 39, 48, 49
4, 11, 18, 9, 49
4, 11, 18, 25, 49
4, 11, 18, 27, 20, 13
4, 11, 18, 27, 20, 13, 6, 49
4, 11, 18, 27, 20, 13, 22, 15, 8, 49
4, 11, 18, 27, 20, 13, 22, 15, 24, 49
4, 11, 18, 27, 20, 13, 22, 29, 36, 43, 49
4, 11, 18, 27, 20, 13, 22, 29, 36, 45, 49
4, 11, 18, 27, 20, 13, 22, 29, 38, 31, 24, 49
4, 11, 18, 27, 20, 13, 22, 29, 38, 31, 40, 49
4, 11, 18, 27, 20, 13, 22, 29, 38, 45, 49
4, 11, 18, 27, 20, 13, 22, 29, 38, 47, 49
4, 11, 18, 27, 20, 13, 22, 31, 24, 49
4, 11, 18, 27, 20, 13, 22, 31, 38, 45, 49
4, 11, 18, 27, 20, 13, 22, 31, 38, 47, 49
4, 11, 18, 27, 20, 13, 22, 31, 40, 49
4, 11, 18, 27, 20, 29, 22, 15, 6, 49
4, 11, 18, 27, 20, 29, 22, 15, 8, 49
4, 11, 18, 27, 20, 29, 22, 15, 24, 49
4, 11, 18, 27, 20, 29, 22, 31, 24, 49
4, 11, 18, 27, 20, 29, 22, 31, 38, 45, 49
4, 11, 18, 27, 20, 29, 22, 31, 38, 47, 49
4, 11, 18, 27, 20, 29, 22, 31, 40, 49
4, 11, 18, 27, 20, 29, 36, 43, 49
4, 11, 18, 27, 20, 29, 36, 45, 49
4, 11, 18, 27, 20, 29, 38, 31, 24, 49
4, 11, 18, 27, 20, 29, 38, 31, 40, 49
4, 11, 18, 27, 20, 29, 38, 45, 49
4, 11, 18, 27, 20, 29, 38, 47, 49
4, 11, 18, 27, 34, 41, 49
4, 11, 18, 27, 34, 43, 49
4, 11, 18, 27, 36, 29, 22, 13
4, 11, 18, 27, 36, 29, 22, 13, 6, 49
4, 11, 18, 27, 36, 29, 22, 15, 6, 49
4, 11, 18, 27, 36, 29, 22, 15, 8, 49
4, 11, 18, 27, 36, 29, 22, 15, 24, 49
4, 11, 18, 27, 36, 29, 22, 31, 24, 49
4, 11, 18, 27, 36, 29, 22, 31, 38, 45, 49
4, 11, 18, 27, 36, 29, 22, 31, 38, 47, 49
4, 11, 18, 27, 36, 29, 22, 31, 40, 49
4, 11, 18, 27, 36, 29, 38, 31, 24, 49
4, 11, 18, 27, 36, 29, 38, 31, 40, 49
4, 11, 18, 27, 36, 29, 38, 45, 49
4, 11, 18, 27, 36, 29, 38, 47, 49
4, 11, 18, 27, 36, 43, 49
4, 11, 18, 27, 36, 45, 49
4, 11, 20, 13
4, 11, 20, 13, 6, 49
4, 11, 20, 13, 22, 15, 8, 49
4, 11, 20, 13, 22, 15, 24, 49
4, 11, 20, 13, 22, 29, 36, 27, 34, 25, 49
4, 11, 20, 13, 22, 29, 36, 27, 34, 41, 49
4, 11, 20, 13, 22, 29, 36, 27, 34, 43, 49
4, 11, 20, 13, 22, 29, 36, 43, 49
4, 11, 20, 13, 22, 29, 36, 45, 49
4, 11, 20, 13, 22, 29, 38, 31, 24, 49
4, 11, 20, 13, 22, 29, 38, 31, 40, 49
4, 11, 20, 13, 22, 29, 38, 45, 49
4, 11, 20, 13, 22, 29, 38, 47, 49
4, 11, 20, 13, 22, 31, 24, 49
4, 11, 20, 13, 22, 31, 38, 45, 49
4, 11, 20, 13, 22, 31, 38, 47, 49
4, 11, 20, 13, 22, 31, 40, 49
4, 11, 20, 27, 34, 25, 49
4, 11, 20, 27, 34, 41, 49
4, 11, 20, 27, 34, 43, 49
4, 11, 20, 27, 36, 29, 22, 15, 6, 49
4, 11, 20, 27, 36, 29, 22, 15, 8, 49
4, 11, 20, 27, 36, 29, 22, 15, 24, 49
4, 11, 20, 27, 36, 29, 22, 31, 24, 49
4, 11, 20, 27, 36, 29, 22, 31, 38, 45, 49
4, 11, 20, 27, 36, 29, 22, 31, 38, 47, 49
4, 11, 20, 27, 36, 29, 22, 31, 40, 49
4, 11, 20, 27, 36, 29, 38, 31, 24, 49
4, 11, 20, 27, 36, 29, 38, 31, 40, 49
4, 11, 20, 27, 36, 29, 38, 45, 49
4, 11, 20, 27, 36, 29, 38, 47, 49
4, 11, 20, 27, 36, 43, 49
4, 11, 20, 27, 36, 45, 49
4, 11, 20, 29, 22, 15, 6, 49
4, 11, 20, 29, 22, 15, 8, 49
4, 11, 20, 29, 22, 15, 24, 49
4, 11, 20, 29, 22, 31, 24, 49
4, 11, 20, 29, 22, 31, 38, 45, 49
4, 11, 20, 29, 22, 31, 38, 47, 49
4, 11, 20, 29, 22, 31, 40, 49
4, 11, 20, 29, 36, 43, 49
4, 11, 20, 29, 36, 45, 49
4, 11, 20, 29, 38, 31, 24, 49
4, 11, 20, 29, 38, 31, 40, 49
4, 11, 20, 29, 38, 45, 49
4, 11, 20, 29, 38, 47, 49
4, 13, 6, 49
4, 13, 20, 27, 18, 9, 49
4, 13, 20, 27, 18, 25, 49
4, 13, 20, 27, 34, 25, 49
4, 13, 20, 27, 34, 41, 49
4, 13, 20, 27, 34, 43, 49
4, 13, 20, 27, 36, 29, 22, 15, 8, 49
4, 13, 20, 27, 36, 29, 22, 15, 24, 49
4, 13, 20, 27, 36, 29, 22, 31, 24, 49
4, 13, 20, 27, 36, 29, 22, 31, 38, 45, 49
4, 13, 20, 27, 36, 29, 22, 31, 38, 47, 49
4, 13, 20, 27, 36, 29, 22, 31, 40, 49
4, 13, 20, 27, 36, 29, 38, 31, 24, 49
4, 13, 20, 27, 36, 29, 38, 31, 40, 49
4, 13, 20, 27, 36, 29, 38, 45, 49
4, 13, 20, 27, 36, 29, 38, 47, 49
4, 13, 20, 27, 36, 43, 49
4, 13, 20, 27, 36, 45, 49
4, 13, 20, 29, 22, 15, 8, 49
4, 13, 20, 29, 22, 15, 24, 49
4, 13, 20, 29, 22, 31, 24, 49
4, 13, 20, 29, 22, 31, 38, 45, 49
4, 13, 20, 29, 22, 31, 38, 47, 49
4, 13, 20, 29, 22, 31, 40, 49
4, 13, 20, 29, 36, 43, 49
4, 13, 20, 29, 36, 45, 49
4, 13, 20, 29, 38, 31, 24, 49
4, 13, 20, 29, 38, 31, 40, 49
4, 13, 20, 29, 38, 45, 49
4, 13, 20, 29, 38, 47, 49
4, 13, 22, 15, 8, 49
4, 13, 22, 15, 24, 49
4, 13, 22, 29, 36, 27, 18, 9, 49
4, 13, 22, 29, 36, 27, 18, 25, 49
4, 13, 22, 29, 36, 27, 34, 25, 49
4, 13, 22, 29, 36, 27, 34, 41, 49
4, 13, 22, 29, 36, 27, 34, 43, 49
4, 13, 22, 29, 36, 43, 49
4, 13, 22, 29, 36, 45, 49
4, 13, 22, 29, 38, 31, 24, 49
4, 13, 22, 29, 38, 31, 40, 49
4, 13, 22, 29, 38, 45, 49
4, 13, 22, 29, 38, 47, 49
4, 13, 22, 31, 24, 49
4, 13, 22, 31, 38, 45, 49
4, 13, 22, 31, 38, 47, 49
4, 13, 22, 31, 40, 49
5, 12, 19, 10, 17, 49
5, 12, 19, 26, 17, 49
5, 12, 19, 26, 33, 49
5, 12, 19, 26, 35, 28, 21, 14
5, 12, 19, 26, 35, 28, 21, 14, 7, 49
5, 12, 19, 26, 35, 28, 21, 14, 23, 16, 49
5, 12, 19, 26, 35, 28, 21, 14, 23, 30, 37, 44, 49
5, 12, 19, 26, 35, 28, 21, 14, 23, 30, 37, 46, 49
5, 12, 19, 26, 35, 28, 21, 14, 23, 30, 39, 32, 49
5, 12, 19, 26, 35, 28, 21, 14, 23, 30, 39, 46, 49
5, 12, 19, 26, 35, 28, 21, 14, 23, 30, 39, 48, 49
5, 12, 19, 26, 35, 28, 21, 14, 23, 32, 49
5, 12, 19, 26, 35, 28, 21, 30, 23, 16, 49
5, 12, 19, 26, 35, 28, 21, 30, 23, 32, 49
5, 12, 19, 26, 35, 28, 21, 30, 37, 44, 49
5, 12, 19, 26, 35, 28, 21, 30, 37, 46, 49
5, 12, 19, 26, 35, 28, 21, 30, 39, 32, 49
5, 12, 19, 26, 35, 28, 21, 30, 39, 46, 49
5, 12, 19, 26, 35, 28, 21, 30, 39, 48, 49
5, 12, 19, 26, 35, 28, 37, 30, 23, 14
5, 12, 19, 26, 35, 28, 37, 30, 23, 14, 7, 49
5, 12, 19, 26, 35, 28, 37, 30, 23, 16, 49
5, 12, 19, 26, 35, 28, 37, 30, 23, 32, 49
5, 12, 19, 26, 35, 28, 37, 30, 39, 32, 49
5, 12, 19, 26, 35, 28, 37, 30, 39, 46, 49
5, 12, 19, 26, 35, 28, 37, 30, 39, 48, 49
5, 12, 19, 26, 35, 28, 37, 44, 49
5, 12, 19, 26, 35, 28, 37, 46, 49
5, 12, 19, 26, 35, 42, 49
5, 12, 19, 26, 35, 44, 49
5, 12, 19, 28, 21, 14
5, 12, 19, 28, 21, 14, 7, 49
5, 12, 19, 28, 21, 14, 23, 16, 49
5, 12, 19, 28, 21, 14, 23, 30, 37, 44, 49
5, 12, 19, 28, 21, 14, 23, 30, 37, 46, 49
5, 12, 19, 28, 21, 14, 23, 30, 39, 32, 49
5, 12, 19, 28, 21, 14, 23, 30, 39, 46, 49
5, 12, 19, 28, 21, 14, 23, 30, 39, 48, 49
5, 12, 19, 28, 21, 14, 23, 32, 49
5, 12, 19, 28, 21, 30, 23, 16, 49
5, 12, 19, 28, 21, 30, 23, 32, 49
5, 12, 19, 28, 21, 30, 37, 44, 49
5, 12, 19, 28, 21, 30, 37, 46, 49
5, 12, 19, 28, 21, 30, 39, 32, 49
5, 12, 19, 28, 21, 30, 39, 46, 49
5, 12, 19, 28, 21, 30, 39, 48, 49
5, 12, 19, 28, 35, 42, 49
5, 12, 19, 28, 35, 44, 49
5, 12, 19, 28, 37, 30, 23, 14
5, 12, 19, 28, 37, 30, 23, 14, 7, 49
5, 12, 19, 28, 37, 30, 23, 16, 49
5, 12, 19, 28, 37, 30, 23, 32, 49
5, 12, 19, 28, 37, 30, 39, 32, 49
5, 12, 19, 28, 37, 30, 39, 46, 49
5, 12, 19, 28, 37, 30, 39, 48, 49
5, 12, 19, 28, 37, 44, 49
5, 12, 19, 28, 37, 46, 49
5, 12, 21, 14
5, 12, 21, 14, 7, 49
5, 12, 21, 14, 23, 16, 49
5, 12, 21, 14, 23, 30, 37, 28, 35, 26, 17, 49
5, 12, 21, 14, 23, 30, 37, 28, 35, 26, 33, 49
5, 12, 21, 14, 23, 30, 37, 28, 35, 42, 49
5, 12, 21, 14, 23, 30, 37, 28, 35, 44, 49
5, 12, 21, 14, 23, 30, 37, 44, 49
5, 12, 21, 14, 23, 30, 37, 46, 49
5, 12, 21, 14, 23, 30, 39, 32, 49
5, 12, 21, 14, 23, 30, 39, 46, 49
5, 12, 21, 14, 23, 30, 39, 48, 49
5, 12, 21, 14, 23, 32, 49
5, 12, 21, 28, 35, 26, 17, 49
5, 12, 21, 28, 35, 26, 33, 49
5, 12, 21, 28, 35, 42, 49
5, 12, 21, 28, 35, 44, 49
5, 12, 21, 28, 37, 30, 23, 16, 49
5, 12, 21, 28, 37, 30, 23, 32, 49
5, 12, 21, 28, 37, 30, 39, 32, 49
5, 12, 21, 28, 37, 30, 39, 46, 49
5, 12, 21, 28, 37, 30, 39, 48, 49
5, 12, 21, 28, 37, 44, 49
5, 12, 21, 28, 37, 46, 49
5, 12, 21, 30, 23, 16, 49
5, 12, 21, 30, 23, 32, 49
5, 12, 21, 30, 37, 44, 49
5, 12, 21, 30, 37, 46, 49
5, 12, 21, 30, 39, 32, 49
5, 12, 21, 30, 39, 46, 49
5, 12, 21, 30, 39, 48, 49
5, 14, 7, 49
5, 14, 21, 28, 19, 10, 17, 49
5, 14, 21, 28, 19, 26, 17, 49
5, 14, 21, 28, 19, 26, 33, 49
5, 14, 21, 28, 19, 26, 35, 42, 49
5, 14, 21, 28, 19, 26, 35, 44, 49
5, 14, 21, 28, 35, 26, 17, 49
5, 14, 21, 28, 35, 26, 33, 49
5, 14, 21, 28, 35, 42, 49
5, 14, 21, 28, 35, 44, 49
5, 14, 21, 28, 37, 30, 23, 16, 49
5, 14, 21, 28, 37, 30, 23, 32, 49
5, 14, 21, 28, 37, 30, 39, 32, 49
5, 14, 21, 28, 37, 30, 39, 46, 49
5, 14, 21, 28, 37, 30, 39, 48, 49
5, 14, 21, 28, 37, 44, 49
5, 14, 21, 28, 37, 46, 49
5, 14, 21, 30, 23, 16, 49
5, 14, 21, 30, 23, 32, 49
5, 14, 21, 30, 37, 44, 49
5, 14, 21, 30, 37, 46, 49
5, 14, 21, 30, 39, 32, 49
5, 14, 21, 30, 39, 46, 49
5, 14, 21, 30, 39, 48, 49
5, 14, 23, 16, 49
5, 14, 23, 30, 37, 28, 19, 10, 17, 49
5, 14, 23, 30, 37, 28, 19, 26, 17, 49
5, 14, 23, 30, 37, 28, 19, 26, 33, 49
5, 14, 23, 30, 37, 28, 19, 26, 35, 42, 49
5, 14, 23, 30, 37, 28, 19, 26, 35, 44, 49
5, 14, 23, 30, 37, 28, 35, 26, 17, 49
5, 14, 23, 30, 37, 28, 35, 26, 33, 49
5, 14, 23, 30, 37, 28, 35, 42, 49
5, 14, 23, 30, 37, 28, 35, 44, 49
5, 14, 23, 30, 37, 44, 49
5, 14, 23, 30, 37, 46, 49
5, 14, 23, 30, 39, 32, 49
5, 14, 23, 30, 39, 46, 49
5, 14, 23, 30, 39, 48, 49
5, 14, 23, 32, 49
6, 13, 20, 11, 18, 9, 49
6, 13, 20, 11, 18, 25, 49
6, 13, 20, 11, 18, 27, 34, 41, 49
6, 13, 20, 11, 18, 27, 34, 43, 49
6, 13, 20, 11, 18, 27, 36, 29, 22, 15
6, 13, 20, 11, 18, 27, 36, 29, 22, 15, 8, 49
6, 13, 20, 11, 18, 27, 36, 29, 22, 15, 24, 49
6, 13, 20, 11, 18, 27, 36, 29, 22, 31, 24, 49
6, 13, 20, 11, 18, 27, 36, 29, 22, 31, 38, 45, 49
6, 13, 20, 11, 18, 27, 36, 29, 22, 31, 38, 47, 49
6, 13, 20, 11, 18, 27, 36, 29, 22, 31, 40, 49
6, 13, 20, 11, 18, 27, 36, 29, 38, 31, 24, 49
6, 13, 20, 11, 18, 27, 36, 29, 38, 31, 40, 49
6, 13, 20, 11, 18, 27, 36, 29, 38, 45, 49
6, 13, 20, 11, 18, 27, 36, 29, 38, 47, 49
6, 13, 20, 11, 18, 27, 36, 43, 49
6, 13, 20, 11, 18, 27, 36, 45, 49
6, 13, 20, 27, 18, 9, 49
6, 13, 20, 27, 18, 25, 49
6, 13, 20, 27, 34, 25, 49
6, 13, 20, 27, 34, 41, 49
6, 13, 20, 27, 34, 43, 49
6, 13, 20, 27, 36, 29, 22, 15
6, 13, 20, 27, 36, 29, 22, 15, 8, 49
6, 13, 20, 27, 36, 29, 22, 15, 24, 49
6, 13, 20, 27, 36, 29, 22, 31, 24, 49
6, 13, 20, 27, 36, 29, 22, 31, 38, 45, 49
6, 13, 20, 27, 36, 29, 22, 31, 38, 47, 49
6, 13, 20, 27, 36, 29, 22, 31, 40, 49
6, 13, 20, 27, 36, 29, 38, 31, 24, 49
6, 13, 20, 27, 36, 29, 38, 31, 40, 49
6, 13, 20, 27, 36, 29, 38, 45, 49
6, 13, 20, 27, 36, 29, 38, 47, 49
6, 13, 20, 27, 36, 43, 49
6, 13, 20, 27, 36, 45, 49
6, 13, 20, 29, 22, 15
6, 13, 20, 29, 22, 15, 8, 49
6, 13, 20, 29, 22, 15, 24, 49
6, 13, 20, 29, 22, 31, 24, 49
6, 13, 20, 29, 22, 31, 38, 45, 49
6, 13, 20, 29, 22, 31, 38, 47, 49
6, 13, 20, 29, 22, 31, 40, 49
6, 13, 20, 29, 36, 43, 49
6, 13, 20, 29, 36, 45, 49
6, 13, 20, 29, 38, 31, 24, 49
6, 13, 20, 29, 38, 31, 40, 49
6, 13, 20, 29, 38, 45, 49
6, 13, 20, 29, 38, 47, 49
6, 13, 22, 15
6, 13, 22, 15, 8, 49
6, 13, 22, 15, 24, 49
6, 13, 22, 29, 36, 27, 18, 9, 49
6, 13, 22, 29, 36, 27, 18, 25, 49
6, 13, 22, 29, 36, 27, 34, 25, 49
6, 13, 22, 29, 36, 27, 34, 41, 49
6, 13, 22, 29, 36, 27, 34, 43, 49
6, 13, 22, 29, 36, 43, 49
6, 13, 22, 29, 36, 45, 49
6, 13, 22, 29, 38, 31, 24, 49
6, 13, 22, 29, 38, 31, 40, 49
6, 13, 22, 29, 38, 45, 49
6, 13, 22, 29, 38, 47, 49
6, 13, 22, 31, 24, 49
6, 13, 22, 31, 38, 45, 49
6, 13, 22, 31, 38, 47, 49
6, 13, 22, 31, 40, 49
6, 15, 8, 49
6, 15, 22, 29, 20, 11, 18, 9, 49
6, 15, 22, 29, 20, 11, 18, 25, 49
6, 15, 22, 29, 20, 11, 18, 27, 34, 41, 49
6, 15, 22, 29, 20, 11, 18, 27, 34, 43, 49
6, 15, 22, 29, 20, 11, 18, 27, 36, 43, 49
6, 15, 22, 29, 20, 11, 18, 27, 36, 45, 49
6, 15, 22, 29, 20, 27, 18, 9, 49
6, 15, 22, 29, 20, 27, 18, 25, 49
6, 15, 22, 29, 20, 27, 34, 25, 49
6, 15, 22, 29, 20, 27, 34, 41, 49
6, 15, 22, 29, 20, 27, 34, 43, 49
6, 15, 22, 29, 20, 27, 36, 43, 49
6, 15, 22, 29, 20, 27, 36, 45, 49
6, 15, 22, 29, 36, 27, 18, 9, 49
6, 15, 22, 29, 36, 27, 18, 25, 49
6, 15, 22, 29, 36, 27, 34, 25, 49
6, 15, 22, 29, 36, 27, 34, 41, 49
6, 15, 22, 29, 36, 27, 34, 43, 49
6, 15, 22, 29, 36, 43, 49
6, 15, 22, 29, 36, 45, 49
6, 15, 22, 29, 38, 31, 24, 49
6, 15, 22, 29, 38, 31, 40, 49
6, 15, 22, 29, 38, 45, 49
6, 15, 22, 29, 38, 47, 49
6, 15, 22, 31, 24, 49
6, 15, 22, 31, 38, 45, 49
6, 15, 22, 31, 38, 47, 49
6, 15, 22, 31, 40, 49
6, 15, 24, 49
7, 14, 21, 12, 19, 10, 17, 49
7, 14, 21, 12, 19, 26, 17, 49
7, 14, 21, 12, 19, 26, 33, 49
7, 14, 21, 12, 19, 26, 35, 28, 37, 30, 23, 16
7, 14, 21, 12, 19, 26, 35, 28, 37, 30, 23, 16, 49
7, 14, 21, 12, 19, 26, 35, 28, 37, 30, 23, 32, 49
7, 14, 21, 12, 19, 26, 35, 28, 37, 30, 39, 32, 49
7, 14, 21, 12, 19, 26, 35, 28, 37, 30, 39, 46, 49
7, 14, 21, 12, 19, 26, 35, 28, 37, 30, 39, 48, 49
7, 14, 21, 12, 19, 26, 35, 28, 37, 44, 49
7, 14, 21, 12, 19, 26, 35, 28, 37, 46, 49
7, 14, 21, 12, 19, 26, 35, 42, 49
7, 14, 21, 12, 19, 26, 35, 44, 49
7, 14, 21, 12, 19, 28, 35, 42, 49
7, 14, 21, 12, 19, 28, 35, 44, 49
7, 14, 21, 12, 19, 28, 37, 30, 23, 16
7, 14, 21, 12, 19, 28, 37, 30, 23, 16, 49
7, 14, 21, 12, 19, 28, 37, 30, 23, 32, 49
7, 14, 21, 12, 19, 28, 37, 30, 39, 32, 49
7, 14, 21, 12, 19, 28, 37, 30, 39, 46, 49
7, 14, 21, 12, 19, 28, 37, 30, 39, 48, 49
7, 14, 21, 12, 19, 28, 37, 44, 49
7, 14, 21, 12, 19, 28, 37, 46, 49
7, 14, 21, 28, 19, 10, 17, 49
7, 14, 21, 28, 19, 26, 17, 49
7, 14, 21, 28, 19, 26, 33, 49
7, 14, 21, 28, 19, 26, 35, 42, 49
7, 14, 21, 28, 19, 26, 35, 44, 49
7, 14, 21, 28, 35, 26, 17, 49
7, 14, 21, 28, 35, 26, 33, 49
7, 14, 21, 28, 35, 42, 49
7, 14, 21, 28, 35, 44, 49
7, 14, 21, 28, 37, 30, 23, 16
7, 14, 21, 28, 37, 30, 23, 16, 49
7, 14, 21, 28, 37, 30, 23, 32, 49
7, 14, 21, 28, 37, 30, 39, 32, 49
7, 14, 21, 28, 37, 30, 39, 46, 49
7, 14, 21, 28, 37, 30, 39, 48, 49
7, 14, 21, 28, 37, 44, 49
7, 14, 21, 28, 37, 46, 49
7, 14, 21, 30, 23, 16
7, 14, 21, 30, 23, 16, 49
7, 14, 21, 30, 23, 32, 49
7, 14, 21, 30, 37, 44, 49
7, 14, 21, 30, 37, 46, 49
7, 14, 21, 30, 39, 32, 49
7, 14, 21, 30, 39, 46, 49
7, 14, 21, 30, 39, 48, 49
7, 14, 23, 16
7, 14, 23, 16, 49
7, 14, 23, 30, 37, 28, 19, 10, 17, 49
7, 14, 23, 30, 37, 28, 19, 26, 17, 49
7, 14, 23, 30, 37, 28, 19, 26, 33, 49
7, 14, 23, 30, 37, 28, 19, 26, 35, 42, 49
7, 14, 23, 30, 37, 28, 19, 26, 35, 44, 49
7, 14, 23, 30, 37, 28, 35, 26, 17, 49
7, 14, 23, 30, 37, 28, 35, 26, 33, 49
7, 14, 23, 30, 37, 28, 35, 42, 49
7, 14, 23, 30, 37, 28, 35, 44, 49
7, 14, 23, 30, 37, 44, 49
7, 14, 23, 30, 37, 46, 49
7, 14, 23, 30, 39, 32, 49
7, 14, 23, 30, 39, 46, 49
7, 14, 23, 30, 39, 48, 49
7, 14, 23, 32, 49
7, 16, 49
8, 15, 22, 13, 20, 11, 18, 9, 49
8, 15, 22, 13, 20, 11, 18, 25, 49
8, 15, 22, 13, 20, 11, 18, 27, 34, 41, 49
8, 15, 22, 13, 20, 11, 18, 27, 34, 43, 49
8, 15, 22, 13, 20, 11, 18, 27, 36, 29, 38, 31, 24, 49
8, 15, 22, 13, 20, 11, 18, 27, 36, 29, 38, 31, 40, 49
8, 15, 22, 13, 20, 11, 18, 27, 36, 29, 38, 45, 49
8, 15, 22, 13, 20, 11, 18, 27, 36, 29, 38, 47, 49
8, 15, 22, 13, 20, 11, 18, 27, 36, 43, 49
8, 15, 22, 13, 20, 11, 18, 27, 36, 45, 49
8, 15, 22, 13, 20, 27, 18, 9, 49
8, 15, 22, 13, 20, 27, 18, 25, 49
8, 15, 22, 13, 20, 27, 34, 25, 49
8, 15, 22, 13, 20, 27, 34, 41, 49
8, 15, 22, 13, 20, 27, 34, 43, 49
8, 15, 22, 13, 20, 27, 36, 29, 38, 31, 24, 49
8, 15, 22, 13, 20, 27, 36, 29, 38, 31, 40, 49
8, 15, 22, 13, 20, 27, 36, 29, 38, 45, 49
8, 15, 22, 13, 20, 27, 36, 29, 38, 47, 49
8, 15, 22, 13, 20, 27, 36, 43, 49
8, 15, 22, 13, 20, 27, 36, 45, 49
8, 15, 22, 13, 20, 29, 36, 43, 49
8, 15, 22, 13, 20, 29, 36, 45, 49
8, 15, 22, 13, 20, 29, 38, 31, 24, 49
8, 15, 22, 13, 20, 29, 38, 31, 40, 49
8, 15, 22, 13, 20, 29, 38, 45, 49
8, 15, 22, 13, 20, 29, 38, 47, 49
8, 15, 22, 29, 20, 11, 18, 9, 49
8, 15, 22, 29, 20, 11, 18, 25, 49
8, 15, 22, 29, 20, 11, 18, 27, 34, 41, 49
8, 15, 22, 29, 20, 11, 18, 27, 34, 43, 49
8, 15, 22, 29, 20, 11, 18, 27, 36, 43, 49
8, 15, 22, 29, 20, 11, 18, 27, 36, 45, 49
8, 15, 22, 29, 20, 27, 18, 9, 49
8, 15, 22, 29, 20, 27, 18, 25, 49
8, 15, 22, 29, 20, 27, 34, 25, 49
8, 15, 22, 29, 20, 27, 34, 41, 49
8, 15, 22, 29, 20, 27, 34, 43, 49
8, 15, 22, 29, 20, 27, 36, 43, 49
8, 15, 22, 29, 20, 27, 36, 45, 49
8, 15, 22, 29, 36, 27, 18, 9, 49
8, 15, 22, 29, 36, 27, 18, 25, 49
8, 15, 22, 29, 36, 27, 34, 25, 49
8, 15, 22, 29, 36, 27, 34, 41, 49
8, 15, 22, 29, 36, 27, 34, 43, 49
8, 15, 22, 29, 36, 43, 49
8, 15, 22, 29, 36, 45, 49
8, 15, 22, 29, 38, 31, 24, 49
8, 15, 22, 29, 38, 31, 40, 49
8, 15, 22, 29, 38, 45, 49
8, 15, 22, 29, 38, 47, 49
8, 15, 22, 31, 24, 49
8, 15, 22, 31, 38, 45, 49
8, 15, 22, 31, 38, 47, 49
8, 15, 22, 31, 40, 49
8, 15, 24, 49
9, 18, 11, 20, 13, 22, 15, 24, 49
9, 18, 11, 20, 13, 22, 29, 36, 27, 34, 25, 49
9, 18, 11, 20, 13, 22, 29, 36, 27, 34, 41, 49
9, 18, 11, 20, 13, 22, 29, 36, 27, 34, 43, 49
9, 18, 11, 20, 13, 22, 29, 36, 43, 49
9, 18, 11, 20, 13, 22, 29, 36, 45, 49
9, 18, 11, 20, 13, 22, 29, 38, 31, 24, 49
9, 18, 11, 20, 13, 22, 29, 38, 31, 40, 49
9, 18, 11, 20, 13, 22, 29, 38, 45, 49
9, 18, 11, 20, 13, 22, 29, 38, 47, 49
9, 18, 11, 20, 13, 22, 31, 24, 49
9, 18, 11, 20, 13, 22, 31, 38, 45, 49
9, 18, 11, 20, 13, 22, 31, 38, 47, 49
9, 18, 11, 20, 13, 22, 31, 40, 49
9, 18, 11, 20, 27, 34, 25, 49
9, 18, 11, 20, 27, 34, 41, 49
9, 18, 11, 20, 27, 34, 43, 49
9, 18, 11, 20, 27, 36, 29, 22, 15, 24, 49
9, 18, 11, 20, 27, 36, 29, 22, 31, 24, 49
9, 18, 11, 20, 27, 36, 29, 22, 31, 38, 45, 49
9, 18, 11, 20, 27, 36, 29, 22, 31, 38, 47, 49
9, 18, 11, 20, 27, 36, 29, 22, 31, 40, 49
9, 18, 11, 20, 27, 36, 29, 38, 31, 24, 49
9, 18, 11, 20, 27, 36, 29, 38, 31, 40, 49
9, 18, 11, 20, 27, 36, 29, 38, 45, 49
9, 18, 11, 20, 27, 36, 29, 38, 47, 49
9, 18, 11, 20, 27, 36, 43, 49
9, 18, 11, 20, 27, 36, 45, 49
9, 18, 11, 20, 29, 22, 15, 24, 49
9, 18, 11, 20, 29, 22, 31, 24, 49
9, 18, 11, 20, 29, 22, 31, 38, 45, 49
9, 18, 11, 20, 29, 22, 31, 38, 47, 49
9, 18, 11, 20, 29, 22, 31, 40, 49
9, 18, 11, 20, 29, 36, 43, 49
9, 18, 11, 20, 29, 36, 45, 49
9, 18, 11, 20, 29, 38, 31, 24, 49
9, 18, 11, 20, 29, 38, 31, 40, 49
9, 18, 11, 20, 29, 38, 45, 49
9, 18, 11, 20, 29, 38, 47, 49
9, 18, 25, 49
9, 18, 27, 20, 13, 22, 15, 24, 49
9, 18, 27, 20, 13, 22, 29, 36, 43, 49
9, 18, 27, 20, 13, 22, 29, 36, 45, 49
9, 18, 27, 20, 13, 22, 29, 38, 31, 24, 49
9, 18, 27, 20, 13, 22, 29, 38, 31, 40, 49
9, 18, 27, 20, 13, 22, 29, 38, 45, 49
9, 18, 27, 20, 13, 22, 29, 38, 47, 49
9, 18, 27, 20, 13, 22, 31, 24, 49
9, 18, 27, 20, 13, 22, 31, 38, 45, 49
9, 18, 27, 20, 13, 22, 31, 38, 47, 49
9, 18, 27, 20, 13, 22, 31, 40, 49
9, 18, 27, 20, 29, 22, 15, 24, 49
9, 18, 27, 20, 29, 22, 31, 24, 49
9, 18, 27, 20, 29, 22, 31, 38, 45, 49
9, 18, 27, 20, 29, 22, 31, 38, 47, 49
9, 18, 27, 20, 29, 22, 31, 40, 49
9, 18, 27, 20, 29, 36, 43, 49
9, 18, 27, 20, 29, 36, 45, 49
9, 18, 27, 20, 29, 38, 31, 24, 49
9, 18, 27, 20, 29, 38, 31, 40, 49
9, 18, 27, 20, 29, 38, 45, 49
9, 18, 27, 20, 29, 38, 47, 49
9, 18, 27, 34, 41, 49
9, 18, 27, 34, 43, 49
9, 18, 27, 36, 29, 22, 15, 24, 49
9, 18, 27, 36, 29, 22, 31, 24, 49
9, 18, 27, 36, 29, 22, 31, 38, 45, 49
9, 18, 27, 36, 29, 22, 31, 38, 47, 49
9, 18, 27, 36, 29, 22, 31, 40, 49
9, 18, 27, 36, 29, 38, 31, 24, 49
9, 18, 27, 36, 29, 38, 31, 40, 49
9, 18, 27, 36, 29, 38, 45, 49
9, 18, 27, 36, 29, 38, 47, 49
9, 18, 27, 36, 43, 49
9, 18, 27, 36, 45, 49
10, 17, 26, 19
11, 18, 25, 34, 27, 20
11, 18, 27, 20
12, 19, 26, 35, 28, 21
12, 19, 26, 35, 44, 37, 30, 21
12, 19, 28, 21
13, 20, 27, 34, 43, 36, 29, 22
13, 20, 27, 36, 29, 22
13, 20, 27, 36, 45, 38, 31, 22
13, 20, 29, 22
14, 21, 28, 19, 26, 35, 44, 37, 30, 23
14, 21, 28, 35, 44, 37, 30, 23
14, 21, 28, 37, 30, 23
14, 21, 30, 23
15, 22, 29, 20, 27, 18, 25, 49, 24
15, 22, 29, 20, 27, 34, 25, 49, 24
15, 22, 29, 20, 27, 34, 41, 49, 24
15, 22, 29, 20, 27, 34, 43, 49, 24
15, 22, 29, 20, 27, 36, 43, 49, 24
15, 22, 29, 20, 27, 36, 45, 38, 31, 24
15, 22, 29, 20, 27, 36, 45, 49, 24
15, 22, 29, 36, 27, 18, 25, 49, 24
15, 22, 29, 36, 27, 34, 25, 49, 24
15, 22, 29, 36, 27, 34, 41, 49, 24
15, 22, 29, 36, 27, 34, 43, 49, 24
15, 22, 29, 36, 43, 49, 24
15, 22, 29, 36, 45, 38, 31, 24
15, 22, 29, 36, 45, 49, 24
15, 22, 29, 38, 31, 24
15, 22, 29, 38, 45, 49, 24
15, 22, 29, 38, 47, 49, 24
15, 22, 31, 24
16, 23, 30, 21, 28, 19, 26, 17, 49
16, 23, 30, 21, 28, 19, 26, 33, 49
16, 23, 30, 21, 28, 19, 26, 35, 42, 49
16, 23, 30, 21, 28, 19, 26, 35, 44, 49
16, 23, 30, 21, 28, 35, 26, 17, 49
16, 23, 30, 21, 28, 35, 26, 33, 49
16, 23, 30, 21, 28, 35, 42, 49
16, 23, 30, 21, 28, 35, 44, 49
16, 23, 30, 21, 28, 37, 44, 49
16, 23, 30, 21, 28, 37, 46, 49
16, 23, 30, 37, 28, 19, 26, 17, 49
16, 23, 30, 37, 28, 19, 26, 33, 49
16, 23, 30, 37, 28, 19, 26, 35, 42, 49
16, 23, 30, 37, 28, 19, 26, 35, 44, 49
16, 23, 30, 37, 28, 35, 26, 17, 49
16, 23, 30, 37, 28, 35, 26, 33, 49
16, 23, 30, 37, 28, 35, 42, 49
16, 23, 30, 37, 28, 35, 44, 49
16, 23, 30, 37, 44, 49
16, 23, 30, 37, 46, 49
16, 23, 30, 39, 32, 49
16, 23, 30, 39, 46, 49
16, 23, 30, 39, 48, 49
16, 23, 32, 49
17, 26, 19, 28, 21, 30, 23, 32, 49
17, 26, 19, 28, 21, 30, 37, 44, 49
17, 26, 19, 28, 21, 30, 37, 46, 49
17, 26, 19, 28, 21, 30, 39, 32, 49
17, 26, 19, 28, 21, 30, 39, 46, 49
17, 26, 19, 28, 21, 30, 39, 48, 49
17, 26, 19, 28, 35, 42, 49
17, 26, 19, 28, 35, 44, 49
17, 26, 19, 28, 37, 30, 23, 32, 49
17, 26, 19, 28, 37, 30, 39, 32, 49
17, 26, 19, 28, 37, 30, 39, 46, 49
17, 26, 19, 28, 37, 30, 39, 48, 49
17, 26, 19, 28, 37, 44, 49
17, 26, 19, 28, 37, 46, 49
17, 26, 33, 49
17, 26, 35, 28, 21, 30, 23, 32, 49
17, 26, 35, 28, 21, 30, 37, 44, 49
17, 26, 35, 28, 21, 30, 37, 46, 49
17, 26, 35, 28, 21, 30, 39, 32, 49
17, 26, 35, 28, 21, 30, 39, 46, 49
17, 26, 35, 28, 21, 30, 39, 48, 49
17, 26, 35, 28, 37, 30, 23, 32, 49
17, 26, 35, 28, 37, 30, 39, 32, 49
17, 26, 35, 28, 37, 30, 39, 46, 49
17, 26, 35, 28, 37, 30, 39, 48, 49
17, 26, 35, 28, 37, 44, 49
17, 26, 35, 28, 37, 46, 49
17, 26, 35, 42, 49
17, 26, 35, 44, 49
18, 25, 34, 27
19, 26, 35, 28
20, 27, 34, 43, 36, 29
20, 27, 36, 29
21, 28, 35, 44, 37, 30
21, 28, 37, 30
22, 29, 36, 45, 38, 31
22, 29, 38, 31
23, 30, 37, 28, 35, 26, 33, 49, 32
23, 30, 37, 28, 35, 42, 49, 32
23, 30, 37, 28, 35, 44, 49, 32
23, 30, 37, 44, 49, 32
23, 30, 37, 46, 39, 32
23, 30, 37, 46, 49, 32
23, 30, 39, 32
24, 31, 38, 29, 36, 27, 34, 25, 49
24, 31, 38, 29, 36, 27, 34, 41, 49
24, 31, 38, 29, 36, 27, 34, 43, 49
24, 31, 38, 29, 36, 43, 49
24, 31, 38, 29, 36, 45, 49
24, 31, 38, 45, 49
24, 31, 38, 47, 49
24, 31, 40, 49
25, 34, 27, 36, 29, 38, 31, 40, 49
25, 34, 27, 36, 29, 38, 45, 49
25, 34, 27, 36, 29, 38, 47, 49
25, 34, 27, 36, 43, 49
25, 34, 27, 36, 45, 49
25, 34, 41, 49
25, 34, 43, 49
27, 34, 43, 36
28, 35, 44, 37
29, 36, 45, 38
30, 37, 46, 39
31, 38, 45, 49, 40
31, 38, 47, 40
32, 39, 46, 49
32, 39, 48, 49
33, 42, 49
34, 41, 49, 43
35, 42, 49, 44
36, 43, 49, 45
37, 44, 49, 46
38, 45, 49, 47
39, 46, 49, 48
40, 47, 49
