1, 7, 3, 41
1, 7, 11, 41
1, 7, 13, 9, 5, 41
1, 7, 13, 9, 15, 41
1, 7, 13, 17, 21, 41
1, 7, 13, 17, 23, 19, 15, 41
1, 7, 13, 17, 23, 19, 25, 41
1, 7, 13, 17, 23, 27, 31, 41
1, 7, 13, 17, 23, 27, 33, 29, 25, 41
1, 7, 13, 17, 23, 27, 33, 29, 35, 41
1, 7, 13, 17, 23, 27, 33, 37, 41
1, 7, 13, 17, 23, 27, 33, 39, 41
1, 7, 13, 17, 23, 29, 25, 41
1, 7, 13, 17, 23, 29, 33, 37, 41
1, 7, 13, 17, 23, 29, 33, 39, 41
1, 7, 13, 17, 23, 29, 35, 41
1, 7, 13, 19, 15, 41
1, 7, 13, 19, 23, 27, 21, 41
1, 7, 13, 19, 23, 27, 31, 41
1, 7, 13, 19, 23, 27, 33, 29, 25, 41
1, 7, 13, 19, 23, 27, 33, 29, 35, 41
1, 7, 13, 19, 23, 27, 33, 37, 41
1, 7, 13, 19, 23, 27, 33, 39, 41
1, 7, 13, 19, 23, 29, 25, 41
1, 7, 13, 19, 23, 29, 33, 37, 41
1, 7, 13, 19, 23, 29, 33, 39, 41
1, 7, 13, 19, 23, 29, 35, 41
1, 7, 13, 19, 25, 41
2, 6, 41
2, 8, 4, 41
2, 8, 12, 16, 41
2, 8, 12, 18, 14, 10, 41
2, 8, 12, 18, 14, 20, 41
2, 8, 12, 18, 22, 26, 41
2, 8, 12, 18, 22, 28, 24, 20, 41
2, 8, 12, 18, 22, 28, 24, 30, 41
2, 8, 12, 18, 22, 28, 32, 36, 41
2, 8, 12, 18, 22, 28, 32, 38, 41
2, 8, 12, 18, 22, 28, 34, 30, 41
2, 8, 12, 18, 22, 28, 34, 38, 41
2, 8, 12, 18, 22, 28, 34, 40, 41
2, 8, 12, 18, 24, 20, 41
2, 8, 12, 18, 24, 28, 32, 26, 41
2, 8, 12, 18, 24, 28, 32, 36, 41
2, 8, 12, 18, 24, 28, 32, 38, 41
2, 8, 12, 18, 24, 28, 34, 30, 41
2, 8, 12, 18, 24, 28, 34, 38, 41
2, 8, 12, 18, 24, 28, 34, 40, 41
2, 8, 12, 18, 24, 30, 41
2, 8, 14, 10, 41
2, 8, 14, 18, 22, 16, 41
2, 8, 14, 18, 22, 26, 41
2, 8, 14, 18, 22, 28, 24, 20, 41
2, 8, 14, 18, 22, 28, 24, 30, 41
2, 8, 14, 18, 22, 28, 32, 36, 41
2, 8, 14, 18, 22, 28, 32, 38, 41
2, 8, 14, 18, 22, 28, 34, 30, 41
2, 8, 14, 18, 22, 28, 34, 38, 41
2, 8, 14, 18, 22, 28, 34, 40, 41
2, 8, 14, 18, 24, 20, 41
2, 8, 14, 18, 24, 28, 32, 26, 41
2, 8, 14, 18, 24, 28, 32, 36, 41
2, 8, 14, 18, 24, 28, 32, 38, 41
2, 8, 14, 18, 24, 28, 34, 30, 41
2, 8, 14, 18, 24, 28, 34, 38, 41
2, 8, 14, 18, 24, 28, 34, 40, 41
2, 8, 14, 18, 24, 30, 41
2, 8, 14, 20, 41
3, 7, 11, 41
3, 7, 13, 9
3, 7, 13, 9, 5, 41
3, 7, 13, 9, 15, 41
3, 7, 13, 17, 21, 41
3, 7, 13, 17, 23, 19, 15, 41
3, 7, 13, 17, 23, 19, 25, 41
3, 7, 13, 17, 23, 27, 31, 41
3, 7, 13, 17, 23, 27, 33, 29, 25, 41
3, 7, 13, 17, 23, 27, 33, 29, 35, 41
3, 7, 13, 17, 23, 27, 33, 37, 41
3, 7, 13, 17, 23, 27, 33, 39, 41
3, 7, 13, 17, 23, 29, 25, 41
3, 7, 13, 17, 23, 29, 33, 37, 41
3, 7, 13, 17, 23, 29, 33, 39, 41
3, 7, 13, 17, 23, 29, 35, 41
3, 7, 13, 19, 15, 41
3, 7, 13, 19, 23, 27, 21, 41
3, 7, 13, 19, 23, 27, 31, 41
3, 7, 13, 19, 23, 27, 33, 29, 25, 41
3, 7, 13, 19, 23, 27, 33, 29, 35, 41
3, 7, 13, 19, 23, 27, 33, 37, 41
3, 7, 13, 19, 23, 27, 33, 39, 41
3, 7, 13, 19, 23, 29, 25, 41
3, 7, 13, 19, 23, 29, 33, 37, 41
3, 7, 13, 19, 23, 29, 33, 39, 41
3, 7, 13, 19, 23, 29, 35, 41
3, 7, 13, 19, 25, 41
3, 9, 5, 41
3, 9, 13, 17, 11, 41
3, 9, 13, 17, 21, 41
3, 9, 13, 17, 23, 19, 15, 41
3, 9, 13, 17, 23, 19, 25, 41
3, 9, 13, 17, 23, 27, 31, 41
3, 9, 13, 17, 23, 27, 33, 29, 25, 41
3, 9, 13, 17, 23, 27, 33, 29, 35, 41
3, 9, 13, 17, 23, 27, 33, 37, 41
3, 9, 13, 17, 23, 27, 33, 39, 41
3, 9, 13, 17, 23, 29, 25, 41
3, 9, 13, 17, 23, 29, 33, 37, 41
3, 9, 13, 17, 23, 29, 33, 39, 41
3, 9, 13, 17, 23, 29, 35, 41
3, 9, 13, 19, 15, 41
3, 9, 13, 19, 23, 27, 21, 41
3, 9, 13, 19, 23, 27, 31, 41
3, 9, 13, 19, 23, 27, 33, 29, 25, 41
3, 9, 13, 19, 23, 27, 33, 29, 35, 41
3, 9, 13, 19, 23, 27, 33, 37, 41
3, 9, 13, 19, 23, 27, 33, 39, 41
3, 9, 13, 19, 23, 29, 25, 41
3, 9, 13, 19, 23, 29, 33, 37, 41
3, 9, 13, 19, 23, 29, 33, 39, 41
3, 9, 13, 19, 23, 29, 35, 41
3, 9, 13, 19, 25, 41
3, 9, 15, 41
4, 8, 12, 6, 41
4, 8, 12, 16, 41
4, 8, 12, 18, 14, 10
4, 8, 12, 18, 14, 10, 41
4, 8, 12, 18, 14, 20, 41
4, 8, 12, 18, 22, 26, 41
4, 8, 12, 18, 22, 28, 24, 20, 41
4, 8, 12, 18, 22, 28, 24, 30, 41
4, 8, 12, 18, 22, 28, 32, 36, 41
4, 8, 12, 18, 22, 28, 32, 38, 41
4, 8, 12, 18, 22, 28, 34, 30, 41
4, 8, 12, 18, 22, 28, 34, 38, 41
4, 8, 12, 18, 22, 28, 34, 40, 41
4, 8, 12, 18, 24, 20, 41
4, 8, 12, 18, 24, 28, 32, 26, 41
4, 8, 12, 18, 24, 28, 32, 36, 41
4, 8, 12, 18, 24, 28, 32, 38, 41
4, 8, 12, 18, 24, 28, 34, 30, 41
4, 8, 12, 18, 24, 28, 34, 38, 41
4, 8, 12, 18, 24, 28, 34, 40, 41
4, 8, 12, 18, 24, 30, 41
4, 8, 14, 10
4, 8, 14, 10, 41
4, 8, 14, 18, 22, 16, 41
4, 8, 14, 18, 22, 26, 41
4, 8, 14, 18, 22, 28, 24, 20, 41
4, 8, 14, 18, 22, 28, 24, 30, 41
4, 8, 14, 18, 22, 28, 32, 36, 41
4, 8, 14, 18, 22, 28, 32, 38, 41
4, 8, 14, 18, 22, 28, 34, 30, 41
4, 8, 14, 18, 22, 28, 34, 38, 41
4, 8, 14, 18, 22, 28, 34, 40, 41
4, 8, 14, 18, 24, 20, 41
4, 8, 14, 18, 24, 28, 32, 26, 41
4, 8, 14, 18, 24, 28, 32, 36, 41
4, 8, 14, 18, 24, 28, 32, 38, 41
4, 8, 14, 18, 24, 28, 34, 30, 41
4, 8, 14, 18, 24, 28, 34, 38, 41
4, 8, 14, 18, 24, 28, 34, 40, 41
4, 8, 14, 18, 24, 30, 41
4, 8, 14, 20, 41
4, 10, 41
5, 9, 13, 7, 11, 41
5, 9, 13, 17, 11, 41
5, 9, 13, 17, 21, 41
5, 9, 13, 17, 23, 19, 15, 41
5, 9, 13, 17, 23, 19, 25, 41
5, 9, 13, 17, 23, 27, 31, 41
5, 9, 13, 17, 23, 27, 33, 29, 25, 41
5, 9, 13, 17, 23, 27, 33, 29, 35, 41
5, 9, 13, 17, 23, 27, 33, 37, 41
5, 9, 13, 17, 23, 27, 33, 39, 41
5, 9, 13, 17, 23, 29, 25, 41
5, 9, 13, 17, 23, 29, 33, 37, 41
5, 9, 13, 17, 23, 29, 33, 39, 41
5, 9, 13, 17, 23, 29, 35, 41
5, 9, 13, 19, 15, 41
5, 9, 13, 19, 23, 27, 21, 41
5, 9, 13, 19, 23, 27, 31, 41
5, 9, 13, 19, 23, 27, 33, 29, 25, 41
5, 9, 13, 19, 23, 27, 33, 29, 35, 41
5, 9, 13, 19, 23, 27, 33, 37, 41
5, 9, 13, 19, 23, 27, 33, 39, 41
5, 9, 13, 19, 23, 29, 25, 41
5, 9, 13, 19, 23, 29, 33, 37, 41
5, 9, 13, 19, 23, 29, 33, 39, 41
5, 9, 13, 19, 23, 29, 35, 41
5, 9, 13, 19, 25, 41
5, 9, 15, 41
6, 12, 8, 14, 10, 41
6, 12, 8, 14, 18, 22, 16, 41
6, 12, 8, 14, 18, 22, 26, 41
6, 12, 8, 14, 18, 22, 28, 24, 20, 41
6, 12, 8, 14, 18, 22, 28, 24, 30, 41
6, 12, 8, 14, 18, 22, 28, 32, 36, 41
6, 12, 8, 14, 18, 22, 28, 32, 38, 41
6, 12, 8, 14, 18, 22, 28, 34, 30, 41
6, 12, 8, 14, 18, 22, 28, 34, 38, 41
6, 12, 8, 14, 18, 22, 28, 34, 40, 41
6, 12, 8, 14, 18, 24, 20, 41
6, 12, 8, 14, 18, 24, 28, 32, 26, 41
6, 12, 8, 14, 18, 24, 28, 32, 36, 41
6, 12, 8, 14, 18, 24, 28, 32, 38, 41
6, 12, 8, 14, 18, 24, 28, 34, 30, 41
6, 12, 8, 14, 18, 24, 28, 34, 38, 41
6, 12, 8, 14, 18, 24, 28, 34, 40, 41
6, 12, 8, 14, 18, 24, 30, 41
6, 12, 8, 14, 20, 41
6, 12, 16, 41
6, 12, 18, 14, 10, 41
6, 12, 18, 14, 20, 41
6, 12, 18, 22, 26, 41
6, 12, 18, 22, 28, 24, 20, 41
6, 12, 18, 22, 28, 24, 30, 41
6, 12, 18, 22, 28, 32, 36, 41
6, 12, 18, 22, 28, 32, 38, 41
6, 12, 18, 22, 28, 34, 30, 41
6, 12, 18, 22, 28, 34, 38, 41
6, 12, 18, 22, 28, 34, 40, 41
6, 12, 18, 24, 20, 41
6, 12, 18, 24, 28, 32, 26, 41
6, 12, 18, 24, 28, 32, 36, 41
6, 12, 18, 24, 28, 32, 38, 41
6, 12, 18, 24, 28, 34, 30, 41
6, 12, 18, 24, 28, 34, 38, 41
6, 12, 18, 24, 28, 34, 40, 41
6, 12, 18, 24, 30, 41
7, 11, 17, 13
8, 12, 16, 22, 18, 14
8, 12, 18, 14
9, 13, 17, 11, 41, 15
9, 13, 17, 21, 27, 23, 19, 15
9, 13, 17, 21, 41, 15
9, 13, 17, 23, 19, 15
9, 13, 17, 23, 27, 31, 41, 15
9, 13, 17, 23, 27, 33, 29, 25, 41, 15
9, 13, 17, 23, 27, 33, 29, 35, 41, 15
9, 13, 17, 23, 27, 33, 37, 41, 15
9, 13, 17, 23, 27, 33, 39, 41, 15
9, 13, 17, 23, 29, 25, 41, 15
9, 13, 17, 23, 29, 33, 37, 41, 15
9, 13, 17, 23, 29, 33, 39, 41, 15
9, 13, 17, 23, 29, 35, 41, 15
9, 13, 19, 15
10, 14, 18, 12, 16, 41
10, 14, 18, 22, 16, 41
10, 14, 18, 22, 26, 41
10, 14, 18, 22, 28, 24, 20, 41
10, 14, 18, 22, 28, 24, 30, 41
10, 14, 18, 22, 28, 32, 36, 41
10, 14, 18, 22, 28, 32, 38, 41
10, 14, 18, 22, 28, 34, 30, 41
10, 14, 18, 22, 28, 34, 38, 41
10, 14, 18, 22, 28, 34, 40, 41
10, 14, 18, 24, 20, 41
10, 14, 18, 24, 28, 32, 26, 41
10, 14, 18, 24, 28, 32, 36, 41
10, 14, 18, 24, 28, 32, 38, 41
10, 14, 18, 24, 28, 34, 30, 41
10, 14, 18, 24, 28, 34, 38, 41
10, 14, 18, 24, 28, 34, 40, 41
10, 14, 18, 24, 30, 41
10, 14, 20, 41
11, 17, 13, 19, 15, 41
11, 17, 13, 19, 23, 27, 21, 41
11, 17, 13, 19, 23, 27, 31, 41
11, 17, 13, 19, 23, 27, 33, 29, 25, 41
11, 17, 13, 19, 23, 27, 33, 29, 35, 41
11, 17, 13, 19, 23, 27, 33, 37, 41
11, 17, 13, 19, 23, 27, 33, 39, 41
11, 17, 13, 19, 23, 29, 25, 41
11, 17, 13, 19, 23, 29, 33, 37, 41
11, 17, 13, 19, 23, 29, 33, 39, 41
11, 17, 13, 19, 23, 29, 35, 41
11, 17, 13, 19, 25, 41
11, 17, 21, 41
11, 17, 23, 19, 15, 41
11, 17, 23, 19, 25, 41
11, 17, 23, 27, 31, 41
11, 17, 23, 27, 33, 29, 25, 41
11, 17, 23, 27, 33, 29, 35, 41
11, 17, 23, 27, 33, 37, 41
11, 17, 23, 27, 33, 39, 41
11, 17, 23, 29, 25, 41
11, 17, 23, 29, 33, 37, 41
11, 17, 23, 29, 33, 39, 41
11, 17, 23, 29, 35, 41
12, 16, 22, 18
13, 17, 21, 27, 23, 19
13, 17, 23, 19
14, 18, 22, 16, 41, 20
14, 18, 22, 26, 32, 28, 24, 20
14, 18, 22, 26, 41, 20
14, 18, 22, 28, 24, 20
14, 18, 22, 28, 32, 36, 41, 20
14, 18, 22, 28, 32, 38, 41, 20
14, 18, 22, 28, 34, 30, 41, 20
14, 18, 22, 28, 34, 38, 41, 20
14, 18, 22, 28, 34, 40, 41, 20
14, 18, 24, 20
15, 19, 23, 17, 21, 41
15, 19, 23, 27, 21, 41
15, 19, 23, 27, 31, 41
15, 19, 23, 27, 33, 29, 25, 41
15, 19, 23, 27, 33, 29, 35, 41
15, 19, 23, 27, 33, 37, 41
15, 19, 23, 27, 33, 39, 41
15, 19, 23, 29, 25, 41
15, 19, 23, 29, 33, 37, 41
15, 19, 23, 29, 33, 39, 41
15, 19, 23, 29, 35, 41
15, 19, 25, 41
16, 22, 18, 24, 20, 41
16, 22, 18, 24, 28, 32, 26, 41
16, 22, 18, 24, 28, 32, 36, 41
16, 22, 18, 24, 28, 32, 38, 41
16, 22, 18, 24, 28, 34, 30, 41
16, 22, 18, 24, 28, 34, 38, 41
16, 22, 18, 24, 28, 34, 40, 41
16, 22, 18, 24, 30, 41
16, 22, 26, 41
16, 22, 28, 24, 20, 41
16, 22, 28, 24, 30, 41
16, 22, 28, 32, 36, 41
16, 22, 28, 32, 38, 41
16, 22, 28, 34, 30, 41
16, 22, 28, 34, 38, 41
16, 22, 28, 34, 40, 41
17, 21, 27, 23
18, 22, 26, 32, 28, 24
18, 22, 28, 24
19, 23, 27, 21, 41, 25
19, 23, 27, 31, 41, 25
19, 23, 27, 33, 29, 25
19, 23, 27, 33, 37, 41, 25
19, 23, 27, 33, 39, 41, 25
19, 23, 29, 25
20, 24, 28, 22, 26, 41
20, 24, 28, 32, 26, 41
20, 24, 28, 32, 36, 41
20, 24, 28, 32, 38, 41
20, 24, 28, 34, 30, 41
20, 24, 28, 34, 38, 41
20, 24, 28, 34, 40, 41
20, 24, 30, 41
21, 27, 23, 29, 25, 41
21, 27, 23, 29, 33, 37, 41
21, 27, 23, 29, 33, 39, 41
21, 27, 23, 29, 35, 41
21, 27, 31, 41
21, 27, 33, 29, 25, 41
21, 27, 33, 29, 35, 41
21, 27, 33, 37, 41
21, 27, 33, 39, 41
22, 26, 32, 28
23, 27, 33, 29
24, 28, 32, 26, 41, 30
24, 28, 32, 36, 41, 30
24, 28, 32, 38, 34, 30
24, 28, 32, 38, 41, 30
24, 28, 34, 30
25, 29, 33, 27, 31, 41
25, 29, 33, 37, 41
25, 29, 33, 39, 41
25, 29, 35, 41
26, 32, 28, 34, 30, 41
26, 32, 28, 34, 38, 41
26, 32, 28, 34, 40, 41
26, 32, 36, 41
26, 32, 38, 41
28, 32, 38, 34
29, 33, 37, 41, 35
29, 33, 39, 35
30, 34, 38, 41
30, 34, 40, 41
31, 37, 41
32, 36, 41, 38
33, 37, 41, 39
34, 38, 41, 40
35, 39, 41
