1, 7, 3, 21
1, 7, 11, 21
1, 7, 13, 9, 5, 21
1, 7, 13, 9, 15, 21
1, 7, 13, 17, 21
1, 7, 13, 19, 21
2, 6, 21
2, 8, 4, 21
2, 8, 12, 16, 21
2, 8, 12, 18, 21
2, 8, 14, 10, 21
2, 8, 14, 18, 21
2, 8, 14, 20, 21
3, 7, 11, 21
3, 7, 13, 9
3, 7, 13, 9, 5, 21
3, 7, 13, 9, 15, 21
3, 7, 13, 17, 21
3, 7, 13, 19, 21
3, 9, 5, 21
3, 9, 13, 17, 21
3, 9, 13, 19, 21
3, 9, 15, 21
4, 8, 12, 6, 21
4, 8, 12, 16, 21
4, 8, 12, 18, 21
4, 8, 14, 10
4, 8, 14, 10, 21
4, 8, 14, 18, 21
4, 8, 14, 20, 21
4, 10, 21
5, 9, 13, 7, 11, 21
5, 9, 13, 17, 21
5, 9, 13, 19, 21
5, 9, 15, 21
6, 12, 8, 14, 10, 21
6, 12, 8, 14, 18, 21
6, 12, 8, 14, 20, 21
6, 12, 16, 21
6, 12, 18, 21
8, 12, 18, 14
9, 13, 17, 21, 15
9, 13, 19, 15
10, 14, 18, 21
10, 14, 20, 21
11, 17, 21
12, 16, 21, 18
13, 17, 21, 19
14, 18, 21, 20
15, 19, 21
