1, 7, 3, 26
1, 7, 11, 26
1, 7, 13, 9, 5, 26
1, 7, 13, 9, 15, 26
1, 7, 13, 17, 21, 26
1, 7, 13, 17, 23, 26
1, 7, 13, 19, 15, 26
1, 7, 13, 19, 23, 26
1, 7, 13, 19, 25, 26
2, 6, 26
2, 8, 4, 26
2, 8, 12, 16, 26
2, 8, 12, 18, 14, 10, 26
2, 8, 12, 18, 14, 20, 26
2, 8, 12, 18, 22, 26
2, 8, 12, 18, 24, 26
2, 8, 14, 10, 26
2, 8, 14, 18, 22, 26
2, 8, 14, 18, 24, 26
2, 8, 14, 20, 26
3, 7, 11, 26
3, 7, 13, 9
3, 7, 13, 9, 5, 26
3, 7, 13, 9, 15, 26
3, 7, 13, 17, 21, 26
3, 7, 13, 17, 23, 26
3, 7, 13, 19, 15, 26
3, 7, 13, 19, 23, 26
3, 7, 13, 19, 25, 26
3, 9, 5, 26
3, 9, 13, 17, 11, 26
3, 9, 13, 17, 21, 26
3, 9, 13, 17, 23, 26
3, 9, 13, 19, 15, 26
3, 9, 13, 19, 23, 26
3, 9, 13, 19, 25, 26
3, 9, 15, 26
4, 8, 12, 6, 26
4, 8, 12, 16, 26
4, 8, 12, 18, 14, 10
4, 8, 12, 18, 14, 10, 26
4, 8, 12, 18, 14, 20, 26
4, 8, 12, 18, 22, 26
4, 8, 12, 18, 24, 26
4, 8, 14, 10
4, 8, 14, 10, 26
4, 8, 14, 18, 22, 26
4, 8, 14, 18, 24, 26
4, 8, 14, 20, 26
4, 10, 26
5, 9, 13, 7, 11, 26
5, 9, 13, 17, 11, 26
5, 9, 13, 17, 21, 26
5, 9, 13, 17, 23, 26
5, 9, 13, 19, 15, 26
5, 9, 13, 19, 23, 26
5, 9, 13, 19, 25, 26
5, 9, 15, 26
6, 12, 8, 14, 10, 26
6, 12, 8, 14, 18, 22, 26
6, 12, 8, 14, 18, 24, 26
6, 12, 8, 14, 20, 26
6, 12, 16, 26
6, 12, 18, 14, 10, 26
6, 12, 18, 14, 20, 26
6, 12, 18, 22, 26
6, 12, 18, 24, 26
7, 11, 17, 13
8, 12, 18, 14
9, 13, 17, 11, 26, 15
9, 13, 17, 21, 26, 15
9, 13, 17, 23, 19, 15
9, 13, 17, 23, 26, 15
9, 13, 19, 15
10, 14, 18, 12, 16, 26
10, 14, 18, 22, 26
10, 14, 18, 24, 26
10, 14, 20, 26
11, 17, 13, 19, 15, 26
11, 17, 13, 19, 23, 26
11, 17, 13, 19, 25, 26
11, 17, 21, 26
11, 17, 23, 26
13, 17, 23, 19
14, 18, 22, 26, 20
14, 18, 24, 20
15, 19, 23, 26
15, 19, 25, 26
16, 22, 26
17, 21, 26, 23
18, 22, 26, 24
19, 23, 26, 25
20, 24, 26
