1, 12, 3, 51
1, 12, 21, 51
1, 12, 23, 14, 5, 51
1, 12, 23, 14, 25, 16, 7, 51
1, 12, 23, 14, 25, 16, 27, 18, 9, 51
1, 12, 23, 14, 25, 16, 27, 18, 29, 20, 51
1, 12, 23, 14, 25, 16, 27, 18, 29, 38, 47, 51
1, 12, 23, 14, 25, 16, 27, 18, 29, 38, 49, 51
1, 12, 23, 14, 25, 16, 27, 18, 29, 40, 51
1, 12, 23, 14, 25, 16, 27, 36, 45, 51
1, 12, 23, 14, 25, 16, 27, 36, 47, 51
1, 12, 23, 14, 25, 16, 27, 38, 29, 20, 51
1, 12, 23, 14, 25, 16, 27, 38, 29, 40, 51
1, 12, 23, 14, 25, 16, 27, 38, 47, 51
1, 12, 23, 14, 25, 16, 27, 38, 49, 51
1, 12, 23, 14, 25, 34, 43, 51
1, 12, 23, 14, 25, 34, 45, 51
1, 12, 23, 14, 25, 36, 27, 18, 7, 51
1, 12, 23, 14, 25, 36, 27, 18, 9, 51
1, 12, 23, 14, 25, 36, 27, 18, 29, 20, 51
1, 12, 23, 14, 25, 36, 27, 18, 29, 38, 47, 51
1, 12, 23, 14, 25, 36, 27, 18, 29, 38, 49, 51
1, 12, 23, 14, 25, 36, 27, 18, 29, 40, 51
1, 12, 23, 14, 25, 36, 27, 38, 29, 20, 51
1, 12, 23, 14, 25, 36, 27, 38, 29, 40, 51
1, 12, 23, 14, 25, 36, 27, 38, 47, 51
1, 12, 23, 14, 25, 36, 27, 38, 49, 51
1, 12, 23, 14, 25, 36, 45, 51
1, 12, 23, 14, 25, 36, 47, 51
1, 12, 23, 32, 41, 51
1, 12, 23, 32, 43, 51
1, 12, 23, 34, 25, 16, 5, 51
1, 12, 23, 34, 25, 16, 7, 51
1, 12, 23, 34, 25, 16, 27, 18, 9, 51
1, 12, 23, 34, 25, 16, 27, 18, 29, 20, 51
1, 12, 23, 34, 25, 16, 27, 18, 29, 38, 47, 51
1, 12, 23, 34, 25, 16, 27, 18, 29, 38, 49, 51
1, 12, 23, 34, 25, 16, 27, 18, 29, 40, 51
1, 12, 23, 34, 25, 16, 27, 36, 45, 51
1, 12, 23, 34, 25, 16, 27, 36, 47, 51
1, 12, 23, 34, 25, 16, 27, 38, 29, 20, 51
1, 12, 23, 34, 25, 16, 27, 38, 29, 40, 51
1, 12, 23, 34, 25, 16, 27, 38, 47, 51
1, 12, 23, 34, 25, 16, 27, 38, 49, 51
1, 12, 23, 34, 25, 36, 27, 18, 7, 51
1, 12, 23, 34, 25, 36, 27, 18, 9, 51
1, 12, 23, 34, 25, 36, 27, 18, 29, 20, 51
1, 12, 23, 34, 25, 36, 27, 18, 29, 38, 47, 51
1, 12, 23, 34, 25, 36, 27, 18, 29, 38, 49, 51
1, 12, 23, 34, 25, 36, 27, 18, 29, 40, 51
1, 12, 23, 34, 25, 36, 27, 38, 29, 20, 51
1, 12, 23, 34, 25, 36, 27, 38, 29, 40, 51
1, 12, 23, 34, 25, 36, 27, 38, 47, 51
1, 12, 23, 34, 25, 36, 27, 38, 49, 51
1, 12, 23, 34, 25, 36, 45, 51
1, 12, 23, 34, 25, 36, 47, 51
1, 12, 23, 34, 43, 51
1, 12, 23, 34, 45, 51
2, 11, 51
2, 13, 4, 51
2, 13, 22, 31, 51
2, 13, 22, 33, 24, 15, 6, 51
2, 13, 22, 33, 24, 15, 26, 17, 8, 51
2, 13, 22, 33, 24, 15, 26, 17, 28, 19, 10, 51
2, 13, 22, 33, 24, 15, 26, 17, 28, 19, 30, 51
2, 13, 22, 33, 24, 15, 26, 17, 28, 37, 46, 51
2, 13, 22, 33, 24, 15, 26, 17, 28, 37, 48, 51
2, 13, 22, 33, 24, 15, 26, 17, 28, 39, 30, 51
2, 13, 22, 33, 24, 15, 26, 17, 28, 39, 48, 51
2, 13, 22, 33, 24, 15, 26, 17, 28, 39, 50, 51
2, 13, 22, 33, 24, 15, 26, 35, 44, 51
2, 13, 22, 33, 24, 15, 26, 35, 46, 51
2, 13, 22, 33, 24, 15, 26, 37, 28, 19, 8, 51
2, 13, 22, 33, 24, 15, 26, 37, 28, 19, 10, 51
2, 13, 22, 33, 24, 15, 26, 37, 28, 19, 30, 51
2, 13, 22, 33, 24, 15, 26, 37, 28, 39, 30, 51
2, 13, 22, 33, 24, 15, 26, 37, 28, 39, 48, 51
2, 13, 22, 33, 24, 15, 26, 37, 28, 39, 50, 51
2, 13, 22, 33, 24, 15, 26, 37, 46, 51
2, 13, 22, 33, 24, 15, 26, 37, 48, 51
2, 13, 22, 33, 24, 35, 26, 17, 6, 51
2, 13, 22, 33, 24, 35, 26, 17, 8, 51
2, 13, 22, 33, 24, 35, 26, 17, 28, 19, 10, 51
2, 13, 22, 33, 24, 35, 26, 17, 28, 19, 30, 51
2, 13, 22, 33, 24, 35, 26, 17, 28, 37, 46, 51
2, 13, 22, 33, 24, 35, 26, 17, 28, 37, 48, 51
2, 13, 22, 33, 24, 35, 26, 17, 28, 39, 30, 51
2, 13, 22, 33, 24, 35, 26, 17, 28, 39, 48, 51
2, 13, 22, 33, 24, 35, 26, 17, 28, 39, 50, 51
2, 13, 22, 33, 24, 35, 26, 37, 28, 19, 8, 51
2, 13, 22, 33, 24, 35, 26, 37, 28, 19, 10, 51
2, 13, 22, 33, 24, 35, 26, 37, 28, 19, 30, 51
2, 13, 22, 33, 24, 35, 26, 37, 28, 39, 30, 51
2, 13, 22, 33, 24, 35, 26, 37, 28, 39, 48, 51
2, 13, 22, 33, 24, 35, 26, 37, 28, 39, 50, 51
2, 13, 22, 33, 24, 35, 26, 37, 46, 51
2, 13, 22, 33, 24, 35, 26, 37, 48, 51
2, 13, 22, 33, 24, 35, 44, 51
2, 13, 22, 33, 24, 35, 46, 51
2, 13, 22, 33, 42, 51
2, 13, 22, 33, 44, 51
2, 13, 24, 15, 6, 51
2, 13, 24, 15, 26, 17, 8, 51
2, 13, 24, 15, 26, 17, 28, 19, 10, 51
2, 13, 24, 15, 26, 17, 28, 19, 30, 51
2, 13, 24, 15, 26, 17, 28, 37, 46, 51
2, 13, 24, 15, 26, 17, 28, 37, 48, 51
2, 13, 24, 15, 26, 17, 28, 39, 30, 51
2, 13, 24, 15, 26, 17, 28, 39, 48, 51
2, 13, 24, 15, 26, 17, 28, 39, 50, 51
2, 13, 24, 15, 26, 35, 44, 51
2, 13, 24, 15, 26, 35, 46, 51
2, 13, 24, 15, 26, 37, 28, 19, 8, 51
2, 13, 24, 15, 26, 37, 28, 19, 10, 51
2, 13, 24, 15, 26, 37, 28, 19, 30, 51
2, 13, 24, 15, 26, 37, 28, 39, 30, 51
2, 13, 24, 15, 26, 37, 28, 39, 48, 51
2, 13, 24, 15, 26, 37, 28, 39, 50, 51
2, 13, 24, 15, 26, 37, 46, 51
2, 13, 24, 15, 26, 37, 48, 51
2, 13, 24, 33, 42, 51
2, 13, 24, 33, 44, 51
2, 13, 24, 35, 26, 17, 6, 51
2, 13, 24, 35, 26, 17, 8, 51
2, 13, 24, 35, 26, 17, 28, 19, 10, 51
2, 13, 24, 35, 26, 17, 28, 19, 30, 51
2, 13, 24, 35, 26, 17, 28, 37, 46, 51
2, 13, 24, 35, 26, 17, 28, 37, 48, 51
2, 13, 24, 35, 26, 17, 28, 39, 30, 51
2, 13, 24, 35, 26, 17, 28, 39, 48, 51
2, 13, 24, 35, 26, 17, 28, 39, 50, 51
2, 13, 24, 35, 26, 37, 28, 19, 8, 51
2, 13, 24, 35, 26, 37, 28, 19, 10, 51
2, 13, 24, 35, 26, 37, 28, 19, 30, 51
2, 13, 24, 35, 26, 37, 28, 39, 30, 51
2, 13, 24, 35, 26, 37, 28, 39, 48, 51
2, 13, 24, 35, 26, 37, 28, 39, 50, 51
2, 13, 24, 35, 26, 37, 46, 51
2, 13, 24, 35, 26, 37, 48, 51
2, 13, 24, 35, 44, 51
2, 13, 24, 35, 46, 51
3, 12, 21, 51
3, 12, 23, 14
3, 12, 23, 14, 5, 51
3, 12, 23, 14, 25, 16, 7, 51
3, 12, 23, 14, 25, 16, 27, 18, 9, 51
3, 12, 23, 14, 25, 16, 27, 18, 29, 20, 51
3, 12, 23, 14, 25, 16, 27, 18, 29, 38, 47, 51
3, 12, 23, 14, 25, 16, 27, 18, 29, 38, 49, 51
3, 12, 23, 14, 25, 16, 27, 18, 29, 40, 51
3, 12, 23, 14, 25, 16, 27, 36, 45, 51
3, 12, 23, 14, 25, 16, 27, 36, 47, 51
3, 12, 23, 14, 25, 16, 27, 38, 29, 20, 51
3, 12, 23, 14, 25, 16, 27, 38, 29, 40, 51
3, 12, 23, 14, 25, 16, 27, 38, 47, 51
3, 12, 23, 14, 25, 16, 27, 38, 49, 51
3, 12, 23, 14, 25, 34, 43, 51
3, 12, 23, 14, 25, 34, 45, 51
3, 12, 23, 14, 25, 36, 27, 18, 7, 51
3, 12, 23, 14, 25, 36, 27, 18, 9, 51
3, 12, 23, 14, 25, 36, 27, 18, 29, 20, 51
3, 12, 23, 14, 25, 36, 27, 18, 29, 38, 47, 51
3, 12, 23, 14, 25, 36, 27, 18, 29, 38, 49, 51
3, 12, 23, 14, 25, 36, 27, 18, 29, 40, 51
3, 12, 23, 14, 25, 36, 27, 38, 29, 20, 51
3, 12, 23, 14, 25, 36, 27, 38, 29, 40, 51
3, 12, 23, 14, 25, 36, 27, 38, 47, 51
3, 12, 23, 14, 25, 36, 27, 38, 49, 51
3, 12, 23, 14, 25, 36, 45, 51
3, 12, 23, 14, 25, 36, 47, 51
3, 12, 23, 32, 41, 51
3, 12, 23, 32, 43, 51
3, 12, 23, 34, 25, 16, 5, 51
3, 12, 23, 34, 25, 16, 7, 51
3, 12, 23, 34, 25, 16, 27, 18, 9, 51
3, 12, 23, 34, 25, 16, 27, 18, 29, 20, 51
3, 12, 23, 34, 25, 16, 27, 18, 29, 38, 47, 51
3, 12, 23, 34, 25, 16, 27, 18, 29, 38, 49, 51
3, 12, 23, 34, 25, 16, 27, 18, 29, 40, 51
3, 12, 23, 34, 25, 16, 27, 36, 45, 51
3, 12, 23, 34, 25, 16, 27, 36, 47, 51
3, 12, 23, 34, 25, 16, 27, 38, 29, 20, 51
3, 12, 23, 34, 25, 16, 27, 38, 29, 40, 51
3, 12, 23, 34, 25, 16, 27, 38, 47, 51
3, 12, 23, 34, 25, 16, 27, 38, 49, 51
3, 12, 23, 34, 25, 36, 27, 18, 7, 51
3, 12, 23, 34, 25, 36, 27, 18, 9, 51
3, 12, 23, 34, 25, 36, 27, 18, 29, 20, 51
3, 12, 23, 34, 25, 36, 27, 18, 29, 38, 47, 51
3, 12, 23, 34, 25, 36, 27, 18, 29, 38, 49, 51
3, 12, 23, 34, 25, 36, 27, 18, 29, 40, 51
3, 12, 23, 34, 25, 36, 27, 38, 29, 20, 51
3, 12, 23, 34, 25, 36, 27, 38, 29, 40, 51
3, 12, 23, 34, 25, 36, 27, 38, 47, 51
3, 12, 23, 34, 25, 36, 27, 38, 49, 51
3, 12, 23, 34, 25, 36, 45, 51
3, 12, 23, 34, 25, 36, 47, 51
3, 12, 23, 34, 43, 51
3, 12, 23, 34, 45, 51
3, 14, 5, 51
3, 14, 23, 32, 21, 51
3, 14, 23, 32, 41, 51
3, 14, 23, 32, 43, 51
3, 14, 23, 34, 25, 16, 7, 51
3, 14, 23, 34, 25, 16, 27, 18, 9, 51
3, 14, 23, 34, 25, 16, 27, 18, 29, 20, 51
3, 14, 23, 34, 25, 16, 27, 18, 29, 38, 47, 51
3, 14, 23, 34, 25, 16, 27, 18, 29, 38, 49, 51
3, 14, 23, 34, 25, 16, 27, 18, 29, 40, 51
3, 14, 23, 34, 25, 16, 27, 36, 45, 51
3, 14, 23, 34, 25, 16, 27, 36, 47, 51
3, 14, 23, 34, 25, 16, 27, 38, 29, 20, 51
3, 14, 23, 34, 25, 16, 27, 38, 29, 40, 51
3, 14, 23, 34, 25, 16, 27, 38, 47, 51
3, 14, 23, 34, 25, 16, 27, 38, 49, 51
3, 14, 23, 34, 25, 36, 27, 18, 7, 51
3, 14, 23, 34, 25, 36, 27, 18, 9, 51
3, 14, 23, 34, 25, 36, 27, 18, 29, 20, 51
3, 14, 23, 34, 25, 36, 27, 18, 29, 38, 47, 51
3, 14, 23, 34, 25, 36, 27, 18, 29, 38, 49, 51
3, 14, 23, 34, 25, 36, 27, 18, 29, 40, 51
3, 14, 23, 34, 25, 36, 27, 38, 29, 20, 51
3, 14, 23, 34, 25, 36, 27, 38, 29, 40, 51
3, 14, 23, 34, 25, 36, 27, 38, 47, 51
3, 14, 23, 34, 25, 36, 27, 38, 49, 51
3, 14, 23, 34, 25, 36, 45, 51
3, 14, 23, 34, 25, 36, 47, 51
3, 14, 23, 34, 43, 51
3, 14, 23, 34, 45, 51
3, 14, 25, 16, 7, 51
3, 14, 25, 16, 27, 18, 9, 51
3, 14, 25, 16, 27, 18, 29, 20, 51
3, 14, 25, 16, 27, 18, 29, 38, 47, 51
3, 14, 25, 16, 27, 18, 29, 38, 49, 51
3, 14, 25, 16, 27, 18, 29, 40, 51
3, 14, 25, 16, 27, 36, 45, 51
3, 14, 25, 16, 27, 36, 47, 51
3, 14, 25, 16, 27, 38, 29, 20, 51
3, 14, 25, 16, 27, 38, 29, 40, 51
3, 14, 25, 16, 27, 38, 47, 51
3, 14, 25, 16, 27, 38, 49, 51
3, 14, 25, 34, 43, 51
3, 14, 25, 34, 45, 51
3, 14, 25, 36, 27, 18, 7, 51
3, 14, 25, 36, 27, 18, 9, 51
3, 14, 25, 36, 27, 18, 29, 20, 51
3, 14, 25, 36, 27, 18, 29, 38, 47, 51
3, 14, 25, 36, 27, 18, 29, 38, 49, 51
3, 14, 25, 36, 27, 18, 29, 40, 51
3, 14, 25, 36, 27, 38, 29, 20, 51
3, 14, 25, 36, 27, 38, 29, 40, 51
3, 14, 25, 36, 27, 38, 47, 51
3, 14, 25, 36, 27, 38, 49, 51
3, 14, 25, 36, 45, 51
3, 14, 25, 36, 47, 51
4, 13, 22, 11, 51
4, 13, 22, 31, 51
4, 13, 22, 33, 24, 15
4, 13, 22, 33, 24, 15, 6, 51
4, 13, 22, 33, 24, 15, 26, 17, 8, 51
4, 13, 22, 33, 24, 15, 26, 17, 28, 19, 10, 51
4, 13, 22, 33, 24, 15, 26, 17, 28, 19, 30, 51
4, 13, 22, 33, 24, 15, 26, 17, 28, 37, 46, 51
4, 13, 22, 33, 24, 15, 26, 17, 28, 37, 48, 51
4, 13, 22, 33, 24, 15, 26, 17, 28, 39, 30, 51
4, 13, 22, 33, 24, 15, 26, 17, 28, 39, 48, 51
4, 13, 22, 33, 24, 15, 26, 17, 28, 39, 50, 51
4, 13, 22, 33, 24, 15, 26, 35, 44, 51
4, 13, 22, 33, 24, 15, 26, 35, 46, 51
4, 13, 22, 33, 24, 15, 26, 37, 28, 19, 8, 51
4, 13, 22, 33, 24, 15, 26, 37, 28, 19, 10, 51
4, 13, 22, 33, 24, 15, 26, 37, 28, 19, 30, 51
4, 13, 22, 33, 24, 15, 26, 37, 28, 39, 30, 51
4, 13, 22, 33, 24, 15, 26, 37, 28, 39, 48, 51
4, 13, 22, 33, 24, 15, 26, 37, 28, 39, 50, 51
4, 13, 22, 33, 24, 15, 26, 37, 46, 51
4, 13, 22, 33, 24, 15, 26, 37, 48, 51
4, 13, 22, 33, 24, 35, 26, 17, 6, 51
4, 13, 22, 33, 24, 35, 26, 17, 8, 51
4, 13, 22, 33, 24, 35, 26, 17, 28, 19, 10, 51
4, 13, 22, 33, 24, 35, 26, 17, 28, 19, 30, 51
4, 13, 22, 33, 24, 35, 26, 17, 28, 37, 46, 51
4, 13, 22, 33, 24, 35, 26, 17, 28, 37, 48, 51
4, 13, 22, 33, 24, 35, 26, 17, 28, 39, 30, 51
4, 13, 22, 33, 24, 35, 26, 17, 28, 39, 48, 51
4, 13, 22, 33, 24, 35, 26, 17, 28, 39, 50, 51
4, 13, 22, 33, 24, 35, 26, 37, 28, 19, 8, 51
4, 13, 22, 33, 24, 35, 26, 37, 28, 19, 10, 51
4, 13, 22, 33, 24, 35, 26, 37, 28, 19, 30, 51
4, 13, 22, 33, 24, 35, 26, 37, 28, 39, 30, 51
4, 13, 22, 33, 24, 35, 26, 37, 28, 39, 48, 51
4, 13, 22, 33, 24, 35, 26, 37, 28, 39, 50, 51
4, 13, 22, 33, 24, 35, 26, 37, 46, 51
4, 13, 22, 33, 24, 35, 26, 37, 48, 51
4, 13, 22, 33, 24, 35, 44, 51
4, 13, 22, 33, 24, 35, 46, 51
4, 13, 22, 33, 42, 51
4, 13, 22, 33, 44, 51
4, 13, 24, 15
4, 13, 24, 15, 6, 51
4, 13, 24, 15, 26, 17, 8, 51
4, 13, 24, 15, 26, 17, 28, 19, 10, 51
4, 13, 24, 15, 26, 17, 28, 19, 30, 51
4, 13, 24, 15, 26, 17, 28, 37, 46, 51
4, 13, 24, 15, 26, 17, 28, 37, 48, 51
4, 13, 24, 15, 26, 17, 28, 39, 30, 51
4, 13, 24, 15, 26, 17, 28, 39, 48, 51
4, 13, 24, 15, 26, 17, 28, 39, 50, 51
4, 13, 24, 15, 26, 35, 44, 51
4, 13, 24, 15, 26, 35, 46, 51
4, 13, 24, 15, 26, 37, 28, 19, 8, 51
4, 13, 24, 15, 26, 37, 28, 19, 10, 51
4, 13, 24, 15, 26, 37, 28, 19, 30, 51
4, 13, 24, 15, 26, 37, 28, 39, 30, 51
4, 13, 24, 15, 26, 37, 28, 39, 48, 51
4, 13, 24, 15, 26, 37, 28, 39, 50, 51
4, 13, 24, 15, 26, 37, 46, 51
4, 13, 24, 15, 26, 37, 48, 51
4, 13, 24, 33, 42, 51
4, 13, 24, 33, 44, 51
4, 13, 24, 35, 26, 17, 6, 51
4, 13, 24, 35, 26, 17, 8, 51
4, 13, 24, 35, 26, 17, 28, 19, 10, 51
4, 13, 24, 35, 26, 17, 28, 19, 30, 51
4, 13, 24, 35, 26, 17, 28, 37, 46, 51
4, 13, 24, 35, 26, 17, 28, 37, 48, 51
4, 13, 24, 35, 26, 17, 28, 39, 30, 51
4, 13, 24, 35, 26, 17, 28, 39, 48, 51
4, 13, 24, 35, 26, 17, 28, 39, 50, 51
4, 13, 24, 35, 26, 37, 28, 19, 8, 51
4, 13, 24, 35, 26, 37, 28, 19, 10, 51
4, 13, 24, 35, 26, 37, 28, 19, 30, 51
4, 13, 24, 35, 26, 37, 28, 39, 30, 51
4, 13, 24, 35, 26, 37, 28, 39, 48, 51
4, 13, 24, 35, 26, 37, 28, 39, 50, 51
4, 13, 24, 35, 26, 37, 46, 51
4, 13, 24, 35, 26, 37, 48, 51
4, 13, 24, 35, 44, 51
4, 13, 24, 35, 46, 51
4, 15, 6, 51
4, 15, 24, 33, 22, 11, 51
4, 15, 24, 33, 22, 31, 51
4, 15, 24, 33, 42, 51
4, 15, 24, 33, 44, 51
4, 15, 24, 35, 26, 17, 8, 51
4, 15, 24, 35, 26, 17, 28, 19, 10, 51
4, 15, 24, 35, 26, 17, 28, 19, 30, 51
4, 15, 24, 35, 26, 17, 28, 37, 46, 51
4, 15, 24, 35, 26, 17, 28, 37, 48, 51
4, 15, 24, 35, 26, 17, 28, 39, 30, 51
4, 15, 24, 35, 26, 17, 28, 39, 48, 51
4, 15, 24, 35, 26, 17, 28, 39, 50, 51
4, 15, 24, 35, 26, 37, 28, 19, 8, 51
4, 15, 24, 35, 26, 37, 28, 19, 10, 51
4, 15, 24, 35, 26, 37, 28, 19, 30, 51
4, 15, 24, 35, 26, 37, 28, 39, 30, 51
4, 15, 24, 35, 26, 37, 28, 39, 48, 51
4, 15, 24, 35, 26, 37, 28, 39, 50, 51
4, 15, 24, 35, 26, 37, 46, 51
4, 15, 24, 35, 26, 37, 48, 51
4, 15, 24, 35, 44, 51
4, 15, 24, 35, 46, 51
4, 15, 26, 17, 8, 51
4, 15, 26, 17, 28, 19, 10, 51
4, 15, 26, 17, 28, 19, 30, 51
4, 15, 26, 17, 28, 37, 46, 51
4, 15, 26, 17, 28, 37, 48, 51
4, 15, 26, 17, 28, 39, 30, 51
4, 15, 26, 17, 28, 39, 48, 51
4, 15, 26, 17, 28, 39, 50, 51
4, 15, 26, 35, 44, 51
4, 15, 26, 35, 46, 51
4, 15, 26, 37, 28, 19, 8, 51
4, 15, 26, 37, 28, 19, 10, 51
4, 15, 26, 37, 28, 19, 30, 51
4, 15, 26, 37, 28, 39, 30, 51
4, 15, 26, 37, 28, 39, 48, 51
4, 15, 26, 37, 28, 39, 50, 51
4, 15, 26, 37, 46, 51
4, 15, 26, 37, 48, 51
5, 14, 23, 12, 21, 51
5, 14, 23, 32, 21, 51
5, 14, 23, 32, 41, 51
5, 14, 23, 32, 43, 51
5, 14, 23, 34, 25, 16
5, 14, 23, 34, 25, 16, 7, 51
5, 14, 23, 34, 25, 16, 27, 18, 9, 51
5, 14, 23, 34, 25, 16, 27, 18, 29, 20, 51
5, 14, 23, 34, 25, 16, 27, 18, 29, 38, 47, 51
5, 14, 23, 34, 25, 16, 27, 18, 29, 38, 49, 51
5, 14, 23, 34, 25, 16, 27, 18, 29, 40, 51
5, 14, 23, 34, 25, 16, 27, 36, 45, 51
5, 14, 23, 34, 25, 16, 27, 36, 47, 51
5, 14, 23, 34, 25, 16, 27, 38, 29, 20, 51
5, 14, 23, 34, 25, 16, 27, 38, 29, 40, 51
5, 14, 23, 34, 25, 16, 27, 38, 47, 51
5, 14, 23, 34, 25, 16, 27, 38, 49, 51
5, 14, 23, 34, 25, 36, 27, 18, 7, 51
5, 14, 23, 34, 25, 36, 27, 18, 9, 51
5, 14, 23, 34, 25, 36, 27, 18, 29, 20, 51
5, 14, 23, 34, 25, 36, 27, 18, 29, 38, 47, 51
5, 14, 23, 34, 25, 36, 27, 18, 29, 38, 49, 51
5, 14, 23, 34, 25, 36, 27, 18, 29, 40, 51
5, 14, 23, 34, 25, 36, 27, 38, 29, 20, 51
5, 14, 23, 34, 25, 36, 27, 38, 29, 40, 51
5, 14, 23, 34, 25, 36, 27, 38, 47, 51
5, 14, 23, 34, 25, 36, 27, 38, 49, 51
5, 14, 23, 34, 25, 36, 45, 51
5, 14, 23, 34, 25, 36, 47, 51
5, 14, 23, 34, 43, 51
5, 14, 23, 34, 45, 51
5, 14, 25, 16
5, 14, 25, 16, 7, 51
5, 14, 25, 16, 27, 18, 9, 51
5, 14, 25, 16, 27, 18, 29, 20, 51
5, 14, 25, 16, 27, 18, 29, 38, 47, 51
5, 14, 25, 16, 27, 18, 29, 38, 49, 51
5, 14, 25, 16, 27, 18, 29, 40, 51
5, 14, 25, 16, 27, 36, 45, 51
5, 14, 25, 16, 27, 36, 47, 51
5, 14, 25, 16, 27, 38, 29, 20, 51
5, 14, 25, 16, 27, 38, 29, 40, 51
5, 14, 25, 16, 27, 38, 47, 51
5, 14, 25, 16, 27, 38, 49, 51
5, 14, 25, 34, 43, 51
5, 14, 25, 34, 45, 51
5, 14, 25, 36, 27, 18, 7, 51
5, 14, 25, 36, 27, 18, 9, 51
5, 14, 25, 36, 27, 18, 29, 20, 51
5, 14, 25, 36, 27, 18, 29, 38, 47, 51
5, 14, 25, 36, 27, 18, 29, 38, 49, 51
5, 14, 25, 36, 27, 18, 29, 40, 51
5, 14, 25, 36, 27, 38, 29, 20, 51
5, 14, 25, 36, 27, 38, 29, 40, 51
5, 14, 25, 36, 27, 38, 47, 51
5, 14, 25, 36, 27, 38, 49, 51
5, 14, 25, 36, 45, 51
5, 14, 25, 36, 47, 51
5, 16, 7, 51
5, 16, 25, 34, 23, 12, 21, 51
5, 16, 25, 34, 23, 32, 21, 51
5, 16, 25, 34, 23, 32, 41, 51
5, 16, 25, 34, 23, 32, 43, 51
5, 16, 25, 34, 43, 51
5, 16, 25, 34, 45, 51
5, 16, 25, 36, 27, 18, 9, 51
5, 16, 25, 36, 27, 18, 29, 20, 51
5, 16, 25, 36, 27, 18, 29, 38, 47, 51
5, 16, 25, 36, 27, 18, 29, 38, 49, 51
5, 16, 25, 36, 27, 18, 29, 40, 51
5, 16, 25, 36, 27, 38, 29, 20, 51
5, 16, 25, 36, 27, 38, 29, 40, 51
5, 16, 25, 36, 27, 38, 47, 51
5, 16, 25, 36, 27, 38, 49, 51
5, 16, 25, 36, 45, 51
5, 16, 25, 36, 47, 51
5, 16, 27, 18, 9, 51
5, 16, 27, 18, 29, 20, 51
5, 16, 27, 18, 29, 38, 47, 51
5, 16, 27, 18, 29, 38, 49, 51
5, 16, 27, 18, 29, 40, 51
5, 16, 27, 36, 45, 51
5, 16, 27, 36, 47, 51
5, 16, 27, 38, 29, 20, 51
5, 16, 27, 38, 29, 40, 51
5, 16, 27, 38, 47, 51
5, 16, 27, 38, 49, 51
6, 15, 24, 13, 22, 11, 51
6, 15, 24, 13, 22, 31, 51
6, 15, 24, 13, 22, 33, 42, 51
6, 15, 24, 13, 22, 33, 44, 51
6, 15, 24, 33, 22, 11, 51
6, 15, 24, 33, 22, 31, 51
6, 15, 24, 33, 42, 51
6, 15, 24, 33, 44, 51
6, 15, 24, 35, 26, 17
6, 15, 24, 35, 26, 17, 8, 51
6, 15, 24, 35, 26, 17, 28, 19, 10, 51
6, 15, 24, 35, 26, 17, 28, 19, 30, 51
6, 15, 24, 35, 26, 17, 28, 37, 46, 51
6, 15, 24, 35, 26, 17, 28, 37, 48, 51
6, 15, 24, 35, 26, 17, 28, 39, 30, 51
6, 15, 24, 35, 26, 17, 28, 39, 48, 51
6, 15, 24, 35, 26, 17, 28, 39, 50, 51
6, 15, 24, 35, 26, 37, 28, 19, 8, 51
6, 15, 24, 35, 26, 37, 28, 19, 10, 51
6, 15, 24, 35, 26, 37, 28, 19, 30, 51
6, 15, 24, 35, 26, 37, 28, 39, 30, 51
6, 15, 24, 35, 26, 37, 28, 39, 48, 51
6, 15, 24, 35, 26, 37, 28, 39, 50, 51
6, 15, 24, 35, 26, 37, 46, 51
6, 15, 24, 35, 26, 37, 48, 51
6, 15, 24, 35, 44, 51
6, 15, 24, 35, 46, 51
6, 15, 26, 17
6, 15, 26, 17, 8, 51
6, 15, 26, 17, 28, 19, 10, 51
6, 15, 26, 17, 28, 19, 30, 51
6, 15, 26, 17, 28, 37, 46, 51
6, 15, 26, 17, 28, 37, 48, 51
6, 15, 26, 17, 28, 39, 30, 51
6, 15, 26, 17, 28, 39, 48, 51
6, 15, 26, 17, 28, 39, 50, 51
6, 15, 26, 35, 44, 51
6, 15, 26, 35, 46, 51
6, 15, 26, 37, 28, 19, 8, 51
6, 15, 26, 37, 28, 19, 10, 51
6, 15, 26, 37, 28, 19, 30, 51
6, 15, 26, 37, 28, 39, 30, 51
6, 15, 26, 37, 28, 39, 48, 51
6, 15, 26, 37, 28, 39, 50, 51
6, 15, 26, 37, 46, 51
6, 15, 26, 37, 48, 51
6, 17, 8, 51
6, 17, 26, 35, 24, 13, 22, 11, 51
6, 17, 26, 35, 24, 13, 22, 31, 51
6, 17, 26, 35, 24, 13, 22, 33, 42, 51
6, 17, 26, 35, 24, 13, 22, 33, 44, 51
6, 17, 26, 35, 24, 33, 22, 11, 51
6, 17, 26, 35, 24, 33, 22, 31, 51
6, 17, 26, 35, 24, 33, 42, 51
6, 17, 26, 35, 24, 33, 44, 51
6, 17, 26, 35, 44, 51
6, 17, 26, 35, 46, 51
6, 17, 26, 37, 28, 19, 10, 51
6, 17, 26, 37, 28, 19, 30, 51
6, 17, 26, 37, 28, 39, 30, 51
6, 17, 26, 37, 28, 39, 48, 51
6, 17, 26, 37, 28, 39, 50, 51
6, 17, 26, 37, 46, 51
6, 17, 26, 37, 48, 51
6, 17, 28, 19, 10, 51
6, 17, 28, 19, 30, 51
6, 17, 28, 37, 46, 51
6, 17, 28, 37, 48, 51
6, 17, 28, 39, 30, 51
6, 17, 28, 39, 48, 51
6, 17, 28, 39, 50, 51
7, 16, 25, 14, 23, 12, 21, 51
7, 16, 25, 14, 23, 32, 21, 51
7, 16, 25, 14, 23, 32, 41, 51
7, 16, 25, 14, 23, 32, 43, 51
7, 16, 25, 14, 23, 34, 43, 51
7, 16, 25, 14, 23, 34, 45, 51
7, 16, 25, 34, 23, 12, 21, 51
7, 16, 25, 34, 23, 32, 21, 51
7, 16, 25, 34, 23, 32, 41, 51
7, 16, 25, 34, 23, 32, 43, 51
7, 16, 25, 34, 43, 51
7, 16, 25, 34, 45, 51
7, 16, 25, 36, 27, 18
7, 16, 25, 36, 27, 18, 9, 51
7, 16, 25, 36, 27, 18, 29, 20, 51
7, 16, 25, 36, 27, 18, 29, 38, 47, 51
7, 16, 25, 36, 27, 18, 29, 38, 49, 51
7, 16, 25, 36, 27, 18, 29, 40, 51
7, 16, 25, 36, 27, 38, 29, 20, 51
7, 16, 25, 36, 27, 38, 29, 40, 51
7, 16, 25, 36, 27, 38, 47, 51
7, 16, 25, 36, 27, 38, 49, 51
7, 16, 25, 36, 45, 51
7, 16, 25, 36, 47, 51
7, 16, 27, 18
7, 16, 27, 18, 9, 51
7, 16, 27, 18, 29, 20, 51
7, 16, 27, 18, 29, 38, 47, 51
7, 16, 27, 18, 29, 38, 49, 51
7, 16, 27, 18, 29, 40, 51
7, 16, 27, 36, 45, 51
7, 16, 27, 36, 47, 51
7, 16, 27, 38, 29, 20, 51
7, 16, 27, 38, 29, 40, 51
7, 16, 27, 38, 47, 51
7, 16, 27, 38, 49, 51
7, 18, 9, 51
7, 18, 27, 36, 25, 14, 23, 12, 21, 51
7, 18, 27, 36, 25, 14, 23, 32, 21, 51
7, 18, 27, 36, 25, 14, 23, 32, 41, 51
7, 18, 27, 36, 25, 14, 23, 32, 43, 51
7, 18, 27, 36, 25, 14, 23, 34, 43, 51
7, 18, 27, 36, 25, 14, 23, 34, 45, 51
7, 18, 27, 36, 25, 34, 23, 12, 21, 51
7, 18, 27, 36, 25, 34, 23, 32, 21, 51
7, 18, 27, 36, 25, 34, 23, 32, 41, 51
7, 18, 27, 36, 25, 34, 23, 32, 43, 51
7, 18, 27, 36, 25, 34, 43, 51
7, 18, 27, 36, 25, 34, 45, 51
7, 18, 27, 36, 45, 51
7, 18, 27, 36, 47, 51
7, 18, 27, 38, 29, 20, 51
7, 18, 27, 38, 29, 40, 51
7, 18, 27, 38, 47, 51
7, 18, 27, 38, 49, 51
7, 18, 29, 20, 51
7, 18, 29, 38, 47, 51
7, 18, 29, 38, 49, 51
7, 18, 29, 40, 51
8, 17, 26, 15, 24, 13, 22, 11, 51
8, 17, 26, 15, 24, 13, 22, 31, 51
8, 17, 26, 15, 24, 13, 22, 33, 42, 51
8, 17, 26, 15, 24, 13, 22, 33, 44, 51
8, 17, 26, 15, 24, 33, 22, 11, 51
8, 17, 26, 15, 24, 33, 22, 31, 51
8, 17, 26, 15, 24, 33, 42, 51
8, 17, 26, 15, 24, 33, 44, 51
8, 17, 26, 15, 24, 35, 44, 51
8, 17, 26, 15, 24, 35, 46, 51
8, 17, 26, 35, 24, 13, 22, 11, 51
8, 17, 26, 35, 24, 13, 22, 31, 51
8, 17, 26, 35, 24, 13, 22, 33, 42, 51
8, 17, 26, 35, 24, 13, 22, 33, 44, 51
8, 17, 26, 35, 24, 33, 22, 11, 51
8, 17, 26, 35, 24, 33, 22, 31, 51
8, 17, 26, 35, 24, 33, 42, 51
8, 17, 26, 35, 24, 33, 44, 51
8, 17, 26, 35, 44, 51
8, 17, 26, 35, 46, 51
8, 17, 26, 37, 28, 19
8, 17, 26, 37, 28, 19, 10, 51
8, 17, 26, 37, 28, 19, 30, 51
8, 17, 26, 37, 28, 39, 30, 51
8, 17, 26, 37, 28, 39, 48, 51
8, 17, 26, 37, 28, 39, 50, 51
8, 17, 26, 37, 46, 51
8, 17, 26, 37, 48, 51
8, 17, 28, 19
8, 17, 28, 19, 10, 51
8, 17, 28, 19, 30, 51
8, 17, 28, 37, 46, 51
8, 17, 28, 37, 48, 51
8, 17, 28, 39, 30, 51
8, 17, 28, 39, 48, 51
8, 17, 28, 39, 50, 51
8, 19, 10, 51
8, 19, 28, 37, 26, 15, 24, 13, 22, 11, 51
8, 19, 28, 37, 26, 15, 24, 13, 22, 31, 51
8, 19, 28, 37, 26, 15, 24, 13, 22, 33, 42, 51
8, 19, 28, 37, 26, 15, 24, 13, 22, 33, 44, 51
8, 19, 28, 37, 26, 15, 24, 33, 22, 11, 51
8, 19, 28, 37, 26, 15, 24, 33, 22, 31, 51
8, 19, 28, 37, 26, 15, 24, 33, 42, 51
8, 19, 28, 37, 26, 15, 24, 33, 44, 51
8, 19, 28, 37, 26, 15, 24, 35, 44, 51
8, 19, 28, 37, 26, 15, 24, 35, 46, 51
8, 19, 28, 37, 26, 35, 24, 13, 22, 11, 51
8, 19, 28, 37, 26, 35, 24, 13, 22, 31, 51
8, 19, 28, 37, 26, 35, 24, 13, 22, 33, 42, 51
8, 19, 28, 37, 26, 35, 24, 13, 22, 33, 44, 51
8, 19, 28, 37, 26, 35, 24, 33, 22, 11, 51
8, 19, 28, 37, 26, 35, 24, 33, 22, 31, 51
8, 19, 28, 37, 26, 35, 24, 33, 42, 51
8, 19, 28, 37, 26, 35, 24, 33, 44, 51
8, 19, 28, 37, 26, 35, 44, 51
8, 19, 28, 37, 26, 35, 46, 51
8, 19, 28, 37, 46, 51
8, 19, 28, 37, 48, 51
8, 19, 28, 39, 30, 51
8, 19, 28, 39, 48, 51
8, 19, 28, 39, 50, 51
8, 19, 30, 51
9, 18, 27, 16, 25, 14, 23, 12, 21, 51
9, 18, 27, 16, 25, 14, 23, 32, 21, 51
9, 18, 27, 16, 25, 14, 23, 32, 41, 51
9, 18, 27, 16, 25, 14, 23, 32, 43, 51
9, 18, 27, 16, 25, 14, 23, 34, 43, 51
9, 18, 27, 16, 25, 14, 23, 34, 45, 51
9, 18, 27, 16, 25, 34, 23, 12, 21, 51
9, 18, 27, 16, 25, 34, 23, 32, 21, 51
9, 18, 27, 16, 25, 34, 23, 32, 41, 51
9, 18, 27, 16, 25, 34, 23, 32, 43, 51
9, 18, 27, 16, 25, 34, 43, 51
9, 18, 27, 16, 25, 34, 45, 51
9, 18, 27, 16, 25, 36, 45, 51
9, 18, 27, 16, 25, 36, 47, 51
9, 18, 27, 36, 25, 14, 23, 12, 21, 51
9, 18, 27, 36, 25, 14, 23, 32, 21, 51
9, 18, 27, 36, 25, 14, 23, 32, 41, 51
9, 18, 27, 36, 25, 14, 23, 32, 43, 51
9, 18, 27, 36, 25, 14, 23, 34, 43, 51
9, 18, 27, 36, 25, 14, 23, 34, 45, 51
9, 18, 27, 36, 25, 34, 23, 12, 21, 51
9, 18, 27, 36, 25, 34, 23, 32, 21, 51
9, 18, 27, 36, 25, 34, 23, 32, 41, 51
9, 18, 27, 36, 25, 34, 23, 32, 43, 51
9, 18, 27, 36, 25, 34, 43, 51
9, 18, 27, 36, 25, 34, 45, 51
9, 18, 27, 36, 45, 51
9, 18, 27, 36, 47, 51
9, 18, 27, 38, 29, 20
9, 18, 27, 38, 29, 20, 51
9, 18, 27, 38, 29, 40, 51
9, 18, 27, 38, 47, 51
9, 18, 27, 38, 49, 51
9, 18, 29, 20
9, 18, 29, 20, 51
9, 18, 29, 38, 47, 51
9, 18, 29, 38, 49, 51
9, 18, 29, 40, 51
9, 20, 51
10, 19, 28, 17, 26, 15, 24, 13, 22, 11, 51
10, 19, 28, 17, 26, 15, 24, 13, 22, 31, 51
10, 19, 28, 17, 26, 15, 24, 13, 22, 33, 42, 51
10, 19, 28, 17, 26, 15, 24, 13, 22, 33, 44, 51
10, 19, 28, 17, 26, 15, 24, 33, 22, 11, 51
10, 19, 28, 17, 26, 15, 24, 33, 22, 31, 51
10, 19, 28, 17, 26, 15, 24, 33, 42, 51
10, 19, 28, 17, 26, 15, 24, 33, 44, 51
10, 19, 28, 17, 26, 15, 24, 35, 44, 51
10, 19, 28, 17, 26, 15, 24, 35, 46, 51
10, 19, 28, 17, 26, 35, 24, 13, 22, 11, 51
10, 19, 28, 17, 26, 35, 24, 13, 22, 31, 51
10, 19, 28, 17, 26, 35, 24, 13, 22, 33, 42, 51
10, 19, 28, 17, 26, 35, 24, 13, 22, 33, 44, 51
10, 19, 28, 17, 26, 35, 24, 33, 22, 11, 51
10, 19, 28, 17, 26, 35, 24, 33, 22, 31, 51
10, 19, 28, 17, 26, 35, 24, 33, 42, 51
10, 19, 28, 17, 26, 35, 24, 33, 44, 51
10, 19, 28, 17, 26, 35, 44, 51
10, 19, 28, 17, 26, 35, 46, 51
10, 19, 28, 17, 26, 37, 46, 51
10, 19, 28, 17, 26, 37, 48, 51
10, 19, 28, 37, 26, 15, 24, 13, 22, 11, 51
10, 19, 28, 37, 26, 15, 24, 13, 22, 31, 51
10, 19, 28, 37, 26, 15, 24, 13, 22, 33, 42, 51
10, 19, 28, 37, 26, 15, 24, 13, 22, 33, 44, 51
10, 19, 28, 37, 26, 15, 24, 33, 22, 11, 51
10, 19, 28, 37, 26, 15, 24, 33, 22, 31, 51
10, 19, 28, 37, 26, 15, 24, 33, 42, 51
10, 19, 28, 37, 26, 15, 24, 33, 44, 51
10, 19, 28, 37, 26, 15, 24, 35, 44, 51
10, 19, 28, 37, 26, 15, 24, 35, 46, 51
10, 19, 28, 37, 26, 35, 24, 13, 22, 11, 51
10, 19, 28, 37, 26, 35, 24, 13, 22, 31, 51
10, 19, 28, 37, 26, 35, 24, 13, 22, 33, 42, 51
10, 19, 28, 37, 26, 35, 24, 13, 22, 33, 44, 51
10, 19, 28, 37, 26, 35, 24, 33, 22, 11, 51
10, 19, 28, 37, 26, 35, 24, 33, 22, 31, 51
10, 19, 28, 37, 26, 35, 24, 33, 42, 51
10, 19, 28, 37, 26, 35, 24, 33, 44, 51
10, 19, 28, 37, 26, 35, 44, 51
10, 19, 28, 37, 26, 35, 46, 51
10, 19, 28, 37, 46, 51
10, 19, 28, 37, 48, 51
10, 19, 28, 39, 30, 51
10, 19, 28, 39, 48, 51
10, 19, 28, 39, 50, 51
10, 19, 30, 51
11, 22, 13, 24, 15, 26, 17, 28, 19, 30, 51
11, 22, 13, 24, 15, 26, 17, 28, 37, 46, 51
11, 22, 13, 24, 15, 26, 17, 28, 37, 48, 51
11, 22, 13, 24, 15, 26, 17, 28, 39, 30, 51
11, 22, 13, 24, 15, 26, 17, 28, 39, 48, 51
11, 22, 13, 24, 15, 26, 17, 28, 39, 50, 51
11, 22, 13, 24, 15, 26, 35, 44, 51
11, 22, 13, 24, 15, 26, 35, 46, 51
11, 22, 13, 24, 15, 26, 37, 28, 19, 30, 51
11, 22, 13, 24, 15, 26, 37, 28, 39, 30, 51
11, 22, 13, 24, 15, 26, 37, 28, 39, 48, 51
11, 22, 13, 24, 15, 26, 37, 28, 39, 50, 51
11, 22, 13, 24, 15, 26, 37, 46, 51
11, 22, 13, 24, 15, 26, 37, 48, 51
11, 22, 13, 24, 33, 42, 51
11, 22, 13, 24, 33, 44, 51
11, 22, 13, 24, 35, 26, 17, 28, 19, 30, 51
11, 22, 13, 24, 35, 26, 17, 28, 37, 46, 51
11, 22, 13, 24, 35, 26, 17, 28, 37, 48, 51
11, 22, 13, 24, 35, 26, 17, 28, 39, 30, 51
11, 22, 13, 24, 35, 26, 17, 28, 39, 48, 51
11, 22, 13, 24, 35, 26, 17, 28, 39, 50, 51
11, 22, 13, 24, 35, 26, 37, 28, 19, 30, 51
11, 22, 13, 24, 35, 26, 37, 28, 39, 30, 51
11, 22, 13, 24, 35, 26, 37, 28, 39, 48, 51
11, 22, 13, 24, 35, 26, 37, 28, 39, 50, 51
11, 22, 13, 24, 35, 26, 37, 46, 51
11, 22, 13, 24, 35, 26, 37, 48, 51
11, 22, 13, 24, 35, 44, 51
11, 22, 13, 24, 35, 46, 51
11, 22, 31, 51
11, 22, 33, 24, 15, 26, 17, 28, 19, 30, 51
11, 22, 33, 24, 15, 26, 17, 28, 37, 46, 51
11, 22, 33, 24, 15, 26, 17, 28, 37, 48, 51
11, 22, 33, 24, 15, 26, 17, 28, 39, 30, 51
11, 22, 33, 24, 15, 26, 17, 28, 39, 48, 51
11, 22, 33, 24, 15, 26, 17, 28, 39, 50, 51
11, 22, 33, 24, 15, 26, 35, 44, 51
11, 22, 33, 24, 15, 26, 35, 46, 51
11, 22, 33, 24, 15, 26, 37, 28, 19, 30, 51
11, 22, 33, 24, 15, 26, 37, 28, 39, 30, 51
11, 22, 33, 24, 15, 26, 37, 28, 39, 48, 51
11, 22, 33, 24, 15, 26, 37, 28, 39, 50, 51
11, 22, 33, 24, 15, 26, 37, 46, 51
11, 22, 33, 24, 15, 26, 37, 48, 51
11, 22, 33, 24, 35, 26, 17, 28, 19, 30, 51
11, 22, 33, 24, 35, 26, 17, 28, 37, 46, 51
11, 22, 33, 24, 35, 26, 17, 28, 37, 48, 51
11, 22, 33, 24, 35, 26, 17, 28, 39, 30, 51
11, 22, 33, 24, 35, 26, 17, 28, 39, 48, 51
11, 22, 33, 24, 35, 26, 17, 28, 39, 50, 51
11, 22, 33, 24, 35, 26, 37, 28, 19, 30, 51
11, 22, 33, 24, 35, 26, 37, 28, 39, 30, 51
11, 22, 33, 24, 35, 26, 37, 28, 39, 48, 51
11, 22, 33, 24, 35, 26, 37, 28, 39, 50, 51
11, 22, 33, 24, 35, 26, 37, 46, 51
11, 22, 33, 24, 35, 26, 37, 48, 51
11, 22, 33, 24, 35, 44, 51
11, 22, 33, 24, 35, 46, 51
11, 22, 33, 42, 51
11, 22, 33, 44, 51
12, 21, 32, 23
13, 22, 33, 24
14, 23, 32, 43, 34, 25
14, 23, 34, 25
15, 24, 33, 44, 35, 26
15, 24, 35, 26
16, 25, 34, 45, 36, 27
16, 25, 36, 27
17, 26, 35, 46, 37, 28
17, 26, 37, 28
18, 27, 36, 47, 38, 29
18, 27, 38, 29
19, 28, 37, 26, 35, 24, 33, 22, 31, 51, 30
19, 28, 37, 26, 35, 24, 33, 42, 51, 30
19, 28, 37, 26, 35, 24, 33, 44, 51, 30
19, 28, 37, 26, 35, 44, 51, 30
19, 28, 37, 26, 35, 46, 51, 30
19, 28, 37, 46, 51, 30
19, 28, 37, 48, 39, 30
19, 28, 37, 48, 51, 30
19, 28, 39, 30
20, 29, 38, 27, 36, 25, 34, 23, 32, 21, 51
20, 29, 38, 27, 36, 25, 34, 23, 32, 41, 51
20, 29, 38, 27, 36, 25, 34, 23, 32, 43, 51
20, 29, 38, 27, 36, 25, 34, 43, 51
20, 29, 38, 27, 36, 25, 34, 45, 51
20, 29, 38, 27, 36, 45, 51
20, 29, 38, 27, 36, 47, 51
20, 29, 38, 47, 51
20, 29, 38, 49, 51
20, 29, 40, 51
21, 32, 23, 34, 25, 36, 27, 38, 29, 40, 51
21, 32, 23, 34, 25, 36, 27, 38, 47, 51
21, 32, 23, 34, 25, 36, 27, 38, 49, 51
21, 32, 23, 34, 25, 36, 45, 51
21, 32, 23, 34, 25, 36, 47, 51
21, 32, 23, 34, 43, 51
21, 32, 23, 34, 45, 51
21, 32, 41, 51
21, 32, 43, 51
23, 32, 43, 34
24, 33, 44, 35
25, 34, 45, 36
26, 35, 46, 37
27, 36, 47, 38
28, 37, 48, 39
29, 38, 47, 51, 40
29, 38, 49, 40
30, 39, 48, 51
30, 39, 50, 51
31, 42, 51
32, 41, 51, 43
33, 42, 51, 44
34, 43, 51, 45
35, 44, 51, 46
36, 45, 51, 47
37, 46, 51, 48
38, 47, 51, 49
39, 48, 51, 50
40, 49, 51
