1, 11, 3, 55
1, 11, 19, 55
1, 11, 21, 13, 5, 55
1, 11, 21, 13, 23, 15, 7, 55
1, 11, 21, 13, 23, 15, 25, 17, 9, 55
1, 11, 21, 13, 23, 15, 25, 17, 27, 55
1, 11, 21, 13, 23, 15, 25, 33, 41, 31, 39, 29, 37, 55
1, 11, 21, 13, 23, 15, 25, 33, 41, 31, 39, 47, 55
1, 11, 21, 13, 23, 15, 25, 33, 41, 31, 39, 49, 55
1, 11, 21, 13, 23, 15, 25, 33, 41, 49, 55
1, 11, 21, 13, 23, 15, 25, 33, 41, 51, 55
1, 11, 21, 13, 23, 15, 25, 33, 43, 35, 27, 55
1, 11, 21, 13, 23, 15, 25, 33, 43, 35, 45, 55
1, 11, 21, 13, 23, 15, 25, 33, 43, 51, 55
1, 11, 21, 13, 23, 15, 25, 33, 43, 53, 55
1, 11, 21, 13, 23, 15, 25, 35, 27, 55
1, 11, 21, 13, 23, 15, 25, 35, 43, 51, 55
1, 11, 21, 13, 23, 15, 25, 35, 43, 53, 55
1, 11, 21, 13, 23, 15, 25, 35, 45, 55
1, 11, 21, 13, 23, 31, 39, 29, 37, 55
1, 11, 21, 13, 23, 31, 39, 47, 55
1, 11, 21, 13, 23, 31, 39, 49, 55
1, 11, 21, 13, 23, 31, 41, 33, 25, 17, 7, 55
1, 11, 21, 13, 23, 31, 41, 33, 25, 17, 9, 55
1, 11, 21, 13, 23, 31, 41, 33, 25, 17, 27, 55
1, 11, 21, 13, 23, 31, 41, 33, 25, 35, 27, 55
1, 11, 21, 13, 23, 31, 41, 33, 25, 35, 43, 51, 55
1, 11, 21, 13, 23, 31, 41, 33, 25, 35, 43, 53, 55
1, 11, 21, 13, 23, 31, 41, 33, 25, 35, 45, 55
1, 11, 21, 13, 23, 31, 41, 33, 43, 35, 27, 55
1, 11, 21, 13, 23, 31, 41, 33, 43, 35, 45, 55
1, 11, 21, 13, 23, 31, 41, 33, 43, 51, 55
1, 11, 21, 13, 23, 31, 41, 33, 43, 53, 55
1, 11, 21, 13, 23, 31, 41, 49, 55
1, 11, 21, 13, 23, 31, 41, 51, 55
1, 11, 21, 13, 23, 33, 25, 17, 7, 55
1, 11, 21, 13, 23, 33, 25, 17, 9, 55
1, 11, 21, 13, 23, 33, 25, 17, 27, 55
1, 11, 21, 13, 23, 33, 25, 35, 27, 55
1, 11, 21, 13, 23, 33, 25, 35, 43, 51, 55
1, 11, 21, 13, 23, 33, 25, 35, 43, 53, 55
1, 11, 21, 13, 23, 33, 25, 35, 45, 55
1, 11, 21, 13, 23, 33, 41, 49, 55
1, 11, 21, 13, 23, 33, 41, 51, 55
1, 11, 21, 13, 23, 33, 43, 35, 27, 55
1, 11, 21, 13, 23, 33, 43, 35, 45, 55
1, 11, 21, 13, 23, 33, 43, 51, 55
1, 11, 21, 13, 23, 33, 43, 53, 55
1, 11, 21, 29, 37, 55
1, 11, 21, 29, 39, 31, 23, 15, 5, 55
1, 11, 21, 29, 39, 31, 23, 15, 7, 55
1, 11, 21, 29, 39, 31, 23, 15, 25, 17, 9, 55
1, 11, 21, 29, 39, 31, 23, 15, 25, 17, 27, 55
1, 11, 21, 29, 39, 31, 23, 15, 25, 33, 41, 49, 55
1, 11, 21, 29, 39, 31, 23, 15, 25, 33, 41, 51, 55
1, 11, 21, 29, 39, 31, 23, 15, 25, 33, 43, 35, 27, 55
1, 11, 21, 29, 39, 31, 23, 15, 25, 33, 43, 35, 45, 55
1, 11, 21, 29, 39, 31, 23, 15, 25, 33, 43, 51, 55
1, 11, 21, 29, 39, 31, 23, 15, 25, 33, 43, 53, 55
1, 11, 21, 29, 39, 31, 23, 15, 25, 35, 27, 55
1, 11, 21, 29, 39, 31, 23, 15, 25, 35, 43, 51, 55
1, 11, 21, 29, 39, 31, 23, 15, 25, 35, 43, 53, 55
1, 11, 21, 29, 39, 31, 23, 15, 25, 35, 45, 55
1, 11, 21, 29, 39, 31, 23, 33, 25, 17, 7, 55
1, 11, 21, 29, 39, 31, 23, 33, 25, 17, 9, 55
1, 11, 21, 29, 39, 31, 23, 33, 25, 17, 27, 55
1, 11, 21, 29, 39, 31, 23, 33, 25, 35, 27, 55
1, 11, 21, 29, 39, 31, 23, 33, 25, 35, 43, 51, 55
1, 11, 21, 29, 39, 31, 23, 33, 25, 35, 43, 53, 55
1, 11, 21, 29, 39, 31, 23, 33, 25, 35, 45, 55
1, 11, 21, 29, 39, 31, 23, 33, 41, 49, 55
1, 11, 21, 29, 39, 31, 23, 33, 41, 51, 55
1, 11, 21, 29, 39, 31, 23, 33, 43, 35, 27, 55
1, 11, 21, 29, 39, 31, 23, 33, 43, 35, 45, 55
1, 11, 21, 29, 39, 31, 23, 33, 43, 51, 55
1, 11, 21, 29, 39, 31, 23, 33, 43, 53, 55
1, 11, 21, 29, 39, 31, 41, 33, 25, 15, 5, 55
1, 11, 21, 29, 39, 31, 41, 33, 25, 15, 7, 55
1, 11, 21, 29, 39, 31, 41, 33, 25, 17, 7, 55
1, 11, 21, 29, 39, 31, 41, 33, 25, 17, 9, 55
1, 11, 21, 29, 39, 31, 41, 33, 25, 17, 27, 55
1, 11, 21, 29, 39, 31, 41, 33, 25, 35, 27, 55
1, 11, 21, 29, 39, 31, 41, 33, 25, 35, 43, 51, 55
1, 11, 21, 29, 39, 31, 41, 33, 25, 35, 43, 53, 55
1, 11, 21, 29, 39, 31, 41, 33, 25, 35, 45, 55
1, 11, 21, 29, 39, 31, 41, 33, 43, 35, 27, 55
1, 11, 21, 29, 39, 31, 41, 33, 43, 35, 45, 55
1, 11, 21, 29, 39, 31, 41, 33, 43, 51, 55
1, 11, 21, 29, 39, 31, 41, 33, 43, 53, 55
1, 11, 21, 29, 39, 31, 41, 49, 55
1, 11, 21, 29, 39, 31, 41, 51, 55
1, 11, 21, 29, 39, 47, 55
1, 11, 21, 29, 39, 49, 55
1, 11, 21, 31, 23, 15, 5, 55
1, 11, 21, 31, 23, 15, 7, 55
1, 11, 21, 31, 23, 15, 25, 17, 9, 55
1, 11, 21, 31, 23, 15, 25, 17, 27, 55
1, 11, 21, 31, 23, 15, 25, 33, 41, 49, 55
1, 11, 21, 31, 23, 15, 25, 33, 41, 51, 55
1, 11, 21, 31, 23, 15, 25, 33, 43, 35, 27, 55
1, 11, 21, 31, 23, 15, 25, 33, 43, 35, 45, 55
1, 11, 21, 31, 23, 15, 25, 33, 43, 51, 55
1, 11, 21, 31, 23, 15, 25, 33, 43, 53, 55
1, 11, 21, 31, 23, 15, 25, 35, 27, 55
1, 11, 21, 31, 23, 15, 25, 35, 43, 51, 55
1, 11, 21, 31, 23, 15, 25, 35, 43, 53, 55
1, 11, 21, 31, 23, 15, 25, 35, 45, 55
1, 11, 21, 31, 23, 33, 25, 17, 7, 55
1, 11, 21, 31, 23, 33, 25, 17, 9, 55
1, 11, 21, 31, 23, 33, 25, 17, 27, 55
1, 11, 21, 31, 23, 33, 25, 35, 27, 55
1, 11, 21, 31, 23, 33, 25, 35, 43, 51, 55
1, 11, 21, 31, 23, 33, 25, 35, 43, 53, 55
1, 11, 21, 31, 23, 33, 25, 35, 45, 55
1, 11, 21, 31, 23, 33, 41, 49, 55
1, 11, 21, 31, 23, 33, 41, 51, 55
1, 11, 21, 31, 23, 33, 43, 35, 27, 55
1, 11, 21, 31, 23, 33, 43, 35, 45, 55
1, 11, 21, 31, 23, 33, 43, 51, 55
1, 11, 21, 31, 23, 33, 43, 53, 55
1, 11, 21, 31, 39, 47, 55
1, 11, 21, 31, 39, 49, 55
1, 11, 21, 31, 41, 33, 25, 15, 5, 55
1, 11, 21, 31, 41, 33, 25, 15, 7, 55
1, 11, 21, 31, 41, 33, 25, 17, 7, 55
1, 11, 21, 31, 41, 33, 25, 17, 9, 55
1, 11, 21, 31, 41, 33, 25, 17, 27, 55
1, 11, 21, 31, 41, 33, 25, 35, 27, 55
1, 11, 21, 31, 41, 33, 25, 35, 43, 51, 55
1, 11, 21, 31, 41, 33, 25, 35, 43, 53, 55
1, 11, 21, 31, 41, 33, 25, 35, 45, 55
1, 11, 21, 31, 41, 33, 43, 35, 27, 55
1, 11, 21, 31, 41, 33, 43, 35, 45, 55
1, 11, 21, 31, 41, 33, 43, 51, 55
1, 11, 21, 31, 41, 33, 43, 53, 55
1, 11, 21, 31, 41, 49, 55
1, 11, 21, 31, 41, 51, 55
2, 10, 55
2, 12, 4, 55
2, 12, 20, 28, 55
2, 12, 20, 30, 22, 14, 6, 55
2, 12, 20, 30, 22, 14, 24, 16, 8, 55
2, 12, 20, 30, 22, 14, 24, 16, 26, 18, 55
2, 12, 20, 30, 22, 14, 24, 16, 26, 34, 42, 32, 40, 48, 55
2, 12, 20, 30, 22, 14, 24, 16, 26, 34, 42, 32, 40, 50, 55
2, 12, 20, 30, 22, 14, 24, 16, 26, 34, 42, 50, 55
2, 12, 20, 30, 22, 14, 24, 16, 26, 34, 42, 52, 55
2, 12, 20, 30, 22, 14, 24, 16, 26, 34, 44, 36, 55
2, 12, 20, 30, 22, 14, 24, 16, 26, 34, 44, 52, 55
2, 12, 20, 30, 22, 14, 24, 16, 26, 34, 44, 54, 55
2, 12, 20, 30, 22, 14, 24, 16, 26, 36, 55
2, 12, 20, 30, 22, 14, 24, 32, 40, 48, 55
2, 12, 20, 30, 22, 14, 24, 32, 40, 50, 55
2, 12, 20, 30, 22, 14, 24, 32, 42, 34, 26, 18, 55
2, 12, 20, 30, 22, 14, 24, 32, 42, 34, 26, 36, 55
2, 12, 20, 30, 22, 14, 24, 32, 42, 34, 44, 36, 55
2, 12, 20, 30, 22, 14, 24, 32, 42, 34, 44, 52, 55
2, 12, 20, 30, 22, 14, 24, 32, 42, 34, 44, 54, 55
2, 12, 20, 30, 22, 14, 24, 32, 42, 50, 55
2, 12, 20, 30, 22, 14, 24, 32, 42, 52, 55
2, 12, 20, 30, 22, 14, 24, 34, 26, 18, 55
2, 12, 20, 30, 22, 14, 24, 34, 26, 36, 55
2, 12, 20, 30, 22, 14, 24, 34, 42, 50, 55
2, 12, 20, 30, 22, 14, 24, 34, 42, 52, 55
2, 12, 20, 30, 22, 14, 24, 34, 44, 36, 55
2, 12, 20, 30, 22, 14, 24, 34, 44, 52, 55
2, 12, 20, 30, 22, 14, 24, 34, 44, 54, 55
2, 12, 20, 30, 22, 32, 24, 16, 6, 55
2, 12, 20, 30, 22, 32, 24, 16, 8, 55
2, 12, 20, 30, 22, 32, 24, 16, 26, 18, 55
2, 12, 20, 30, 22, 32, 24, 16, 26, 34, 42, 50, 55
2, 12, 20, 30, 22, 32, 24, 16, 26, 34, 42, 52, 55
2, 12, 20, 30, 22, 32, 24, 16, 26, 34, 44, 36, 55
2, 12, 20, 30, 22, 32, 24, 16, 26, 34, 44, 52, 55
2, 12, 20, 30, 22, 32, 24, 16, 26, 34, 44, 54, 55
2, 12, 20, 30, 22, 32, 24, 16, 26, 36, 55
2, 12, 20, 30, 22, 32, 24, 34, 26, 18, 55
2, 12, 20, 30, 22, 32, 24, 34, 26, 36, 55
2, 12, 20, 30, 22, 32, 24, 34, 42, 50, 55
2, 12, 20, 30, 22, 32, 24, 34, 42, 52, 55
2, 12, 20, 30, 22, 32, 24, 34, 44, 36, 55
2, 12, 20, 30, 22, 32, 24, 34, 44, 52, 55
2, 12, 20, 30, 22, 32, 24, 34, 44, 54, 55
2, 12, 20, 30, 22, 32, 40, 48, 55
2, 12, 20, 30, 22, 32, 40, 50, 55
2, 12, 20, 30, 22, 32, 42, 34, 26, 16, 6, 55
2, 12, 20, 30, 22, 32, 42, 34, 26, 16, 8, 55
2, 12, 20, 30, 22, 32, 42, 34, 26, 18, 55
2, 12, 20, 30, 22, 32, 42, 34, 26, 36, 55
2, 12, 20, 30, 22, 32, 42, 34, 44, 36, 55
2, 12, 20, 30, 22, 32, 42, 34, 44, 52, 55
2, 12, 20, 30, 22, 32, 42, 34, 44, 54, 55
2, 12, 20, 30, 22, 32, 42, 50, 55
2, 12, 20, 30, 22, 32, 42, 52, 55
2, 12, 20, 30, 38, 46, 55
2, 12, 20, 30, 38, 48, 55
2, 12, 20, 30, 40, 32, 24, 14, 6, 55
2, 12, 20, 30, 40, 32, 24, 16, 6, 55
2, 12, 20, 30, 40, 32, 24, 16, 8, 55
2, 12, 20, 30, 40, 32, 24, 16, 26, 18, 55
2, 12, 20, 30, 40, 32, 24, 16, 26, 34, 42, 50, 55
2, 12, 20, 30, 40, 32, 24, 16, 26, 34, 42, 52, 55
2, 12, 20, 30, 40, 32, 24, 16, 26, 34, 44, 36, 55
2, 12, 20, 30, 40, 32, 24, 16, 26, 34, 44, 52, 55
2, 12, 20, 30, 40, 32, 24, 16, 26, 34, 44, 54, 55
2, 12, 20, 30, 40, 32, 24, 16, 26, 36, 55
2, 12, 20, 30, 40, 32, 24, 34, 26, 18, 55
2, 12, 20, 30, 40, 32, 24, 34, 26, 36, 55
2, 12, 20, 30, 40, 32, 24, 34, 42, 50, 55
2, 12, 20, 30, 40, 32, 24, 34, 42, 52, 55
2, 12, 20, 30, 40, 32, 24, 34, 44, 36, 55
2, 12, 20, 30, 40, 32, 24, 34, 44, 52, 55
2, 12, 20, 30, 40, 32, 24, 34, 44, 54, 55
2, 12, 20, 30, 40, 32, 42, 34, 26, 16, 6, 55
2, 12, 20, 30, 40, 32, 42, 34, 26, 16, 8, 55
2, 12, 20, 30, 40, 32, 42, 34, 26, 18, 55
2, 12, 20, 30, 40, 32, 42, 34, 26, 36, 55
2, 12, 20, 30, 40, 32, 42, 34, 44, 36, 55
2, 12, 20, 30, 40, 32, 42, 34, 44, 52, 55
2, 12, 20, 30, 40, 32, 42, 34, 44, 54, 55
2, 12, 20, 30, 40, 32, 42, 50, 55
2, 12, 20, 30, 40, 32, 42, 52, 55
2, 12, 20, 30, 40, 48, 55
2, 12, 20, 30, 40, 50, 55
2, 12, 22, 14, 6, 55
2, 12, 22, 14, 24, 16, 8, 55
2, 12, 22, 14, 24, 16, 26, 18, 55
2, 12, 22, 14, 24, 16, 26, 34, 42, 32, 40, 30, 38, 28, 55
2, 12, 22, 14, 24, 16, 26, 34, 42, 32, 40, 30, 38, 46, 55
2, 12, 22, 14, 24, 16, 26, 34, 42, 32, 40, 30, 38, 48, 55
2, 12, 22, 14, 24, 16, 26, 34, 42, 32, 40, 48, 55
2, 12, 22, 14, 24, 16, 26, 34, 42, 32, 40, 50, 55
2, 12, 22, 14, 24, 16, 26, 34, 42, 50, 55
2, 12, 22, 14, 24, 16, 26, 34, 42, 52, 55
2, 12, 22, 14, 24, 16, 26, 34, 44, 36, 55
2, 12, 22, 14, 24, 16, 26, 34, 44, 52, 55
2, 12, 22, 14, 24, 16, 26, 34, 44, 54, 55
2, 12, 22, 14, 24, 16, 26, 36, 55
2, 12, 22, 14, 24, 32, 40, 30, 38, 28, 55
2, 12, 22, 14, 24, 32, 40, 30, 38, 46, 55
2, 12, 22, 14, 24, 32, 40, 30, 38, 48, 55
2, 12, 22, 14, 24, 32, 40, 48, 55
2, 12, 22, 14, 24, 32, 40, 50, 55
2, 12, 22, 14, 24, 32, 42, 34, 26, 18, 55
2, 12, 22, 14, 24, 32, 42, 34, 26, 36, 55
2, 12, 22, 14, 24, 32, 42, 34, 44, 36, 55
2, 12, 22, 14, 24, 32, 42, 34, 44, 52, 55
2, 12, 22, 14, 24, 32, 42, 34, 44, 54, 55
2, 12, 22, 14, 24, 32, 42, 50, 55
2, 12, 22, 14, 24, 32, 42, 52, 55
2, 12, 22, 14, 24, 34, 26, 18, 55
2, 12, 22, 14, 24, 34, 26, 36, 55
2, 12, 22, 14, 24, 34, 42, 50, 55
2, 12, 22, 14, 24, 34, 42, 52, 55
2, 12, 22, 14, 24, 34, 44, 36, 55
2, 12, 22, 14, 24, 34, 44, 52, 55
2, 12, 22, 14, 24, 34, 44, 54, 55
2, 12, 22, 30, 38, 28, 55
2, 12, 22, 30, 38, 46, 55
2, 12, 22, 30, 38, 48, 55
2, 12, 22, 30, 40, 32, 24, 16, 6, 55
2, 12, 22, 30, 40, 32, 24, 16, 8, 55
2, 12, 22, 30, 40, 32, 24, 16, 26, 18, 55
2, 12, 22, 30, 40, 32, 24, 16, 26, 34, 42, 50, 55
2, 12, 22, 30, 40, 32, 24, 16, 26, 34, 42, 52, 55
2, 12, 22, 30, 40, 32, 24, 16, 26, 34, 44, 36, 55
2, 12, 22, 30, 40, 32, 24, 16, 26, 34, 44, 52, 55
2, 12, 22, 30, 40, 32, 24, 16, 26, 34, 44, 54, 55
2, 12, 22, 30, 40, 32, 24, 16, 26, 36, 55
2, 12, 22, 30, 40, 32, 24, 34, 26, 18, 55
2, 12, 22, 30, 40, 32, 24, 34, 26, 36, 55
2, 12, 22, 30, 40, 32, 24, 34, 42, 50, 55
2, 12, 22, 30, 40, 32, 24, 34, 42, 52, 55
2, 12, 22, 30, 40, 32, 24, 34, 44, 36, 55
2, 12, 22, 30, 40, 32, 24, 34, 44, 52, 55
2, 12, 22, 30, 40, 32, 24, 34, 44, 54, 55
2, 12, 22, 30, 40, 32, 42, 34, 26, 16, 6, 55
2, 12, 22, 30, 40, 32, 42, 34, 26, 16, 8, 55
2, 12, 22, 30, 40, 32, 42, 34, 26, 18, 55
2, 12, 22, 30, 40, 32, 42, 34, 26, 36, 55
2, 12, 22, 30, 40, 32, 42, 34, 44, 36, 55
2, 12, 22, 30, 40, 32, 42, 34, 44, 52, 55
2, 12, 22, 30, 40, 32, 42, 34, 44, 54, 55
2, 12, 22, 30, 40, 32, 42, 50, 55
2, 12, 22, 30, 40, 32, 42, 52, 55
2, 12, 22, 30, 40, 48, 55
2, 12, 22, 30, 40, 50, 55
2, 12, 22, 32, 24, 16, 6, 55
2, 12, 22, 32, 24, 16, 8, 55
2, 12, 22, 32, 24, 16, 26, 18, 55
2, 12, 22, 32, 24, 16, 26, 34, 42, 50, 55
2, 12, 22, 32, 24, 16, 26, 34, 42, 52, 55
2, 12, 22, 32, 24, 16, 26, 34, 44, 36, 55
2, 12, 22, 32, 24, 16, 26, 34, 44, 52, 55
2, 12, 22, 32, 24, 16, 26, 34, 44, 54, 55
2, 12, 22, 32, 24, 16, 26, 36, 55
2, 12, 22, 32, 24, 34, 26, 18, 55
2, 12, 22, 32, 24, 34, 26, 36, 55
2, 12, 22, 32, 24, 34, 42, 50, 55
2, 12, 22, 32, 24, 34, 42, 52, 55
2, 12, 22, 32, 24, 34, 44, 36, 55
2, 12, 22, 32, 24, 34, 44, 52, 55
2, 12, 22, 32, 24, 34, 44, 54, 55
2, 12, 22, 32, 40, 48, 55
2, 12, 22, 32, 40, 50, 55
2, 12, 22, 32, 42, 34, 26, 16, 6, 55
2, 12, 22, 32, 42, 34, 26, 16, 8, 55
2, 12, 22, 32, 42, 34, 26, 18, 55
2, 12, 22, 32, 42, 34, 26, 36, 55
2, 12, 22, 32, 42, 34, 44, 36, 55
2, 12, 22, 32, 42, 34, 44, 52, 55
2, 12, 22, 32, 42, 34, 44, 54, 55
2, 12, 22, 32, 42, 50, 55
2, 12, 22, 32, 42, 52, 55
3, 11, 19, 55
3, 11, 21, 13
3, 11, 21, 13, 5, 55
3, 11, 21, 13, 23, 15, 7, 55
3, 11, 21, 13, 23, 15, 25, 17, 9, 55
3, 11, 21, 13, 23, 15, 25, 17, 27, 55
3, 11, 21, 13, 23, 15, 25, 33, 41, 31, 39, 29, 37, 55
3, 11, 21, 13, 23, 15, 25, 33, 41, 31, 39, 47, 55
3, 11, 21, 13, 23, 15, 25, 33, 41, 31, 39, 49, 55
3, 11, 21, 13, 23, 15, 25, 33, 41, 49, 55
3, 11, 21, 13, 23, 15, 25, 33, 41, 51, 55
3, 11, 21, 13, 23, 15, 25, 33, 43, 35, 27, 55
3, 11, 21, 13, 23, 15, 25, 33, 43, 35, 45, 55
3, 11, 21, 13, 23, 15, 25, 33, 43, 51, 55
3, 11, 21, 13, 23, 15, 25, 33, 43, 53, 55
3, 11, 21, 13, 23, 15, 25, 35, 27, 55
3, 11, 21, 13, 23, 15, 25, 35, 43, 51, 55
3, 11, 21, 13, 23, 15, 25, 35, 43, 53, 55
3, 11, 21, 13, 23, 15, 25, 35, 45, 55
3, 11, 21, 13, 23, 31, 39, 29, 37, 55
3, 11, 21, 13, 23, 31, 39, 47, 55
3, 11, 21, 13, 23, 31, 39, 49, 55
3, 11, 21, 13, 23, 31, 41, 33, 25, 17, 7, 55
3, 11, 21, 13, 23, 31, 41, 33, 25, 17, 9, 55
3, 11, 21, 13, 23, 31, 41, 33, 25, 17, 27, 55
3, 11, 21, 13, 23, 31, 41, 33, 25, 35, 27, 55
3, 11, 21, 13, 23, 31, 41, 33, 25, 35, 43, 51, 55
3, 11, 21, 13, 23, 31, 41, 33, 25, 35, 43, 53, 55
3, 11, 21, 13, 23, 31, 41, 33, 25, 35, 45, 55
3, 11, 21, 13, 23, 31, 41, 33, 43, 35, 27, 55
3, 11, 21, 13, 23, 31, 41, 33, 43, 35, 45, 55
3, 11, 21, 13, 23, 31, 41, 33, 43, 51, 55
3, 11, 21, 13, 23, 31, 41, 33, 43, 53, 55
3, 11, 21, 13, 23, 31, 41, 49, 55
3, 11, 21, 13, 23, 31, 41, 51, 55
3, 11, 21, 13, 23, 33, 25, 17, 7, 55
3, 11, 21, 13, 23, 33, 25, 17, 9, 55
3, 11, 21, 13, 23, 33, 25, 17, 27, 55
3, 11, 21, 13, 23, 33, 25, 35, 27, 55
3, 11, 21, 13, 23, 33, 25, 35, 43, 51, 55
3, 11, 21, 13, 23, 33, 25, 35, 43, 53, 55
3, 11, 21, 13, 23, 33, 25, 35, 45, 55
3, 11, 21, 13, 23, 33, 41, 49, 55
3, 11, 21, 13, 23, 33, 41, 51, 55
3, 11, 21, 13, 23, 33, 43, 35, 27, 55
3, 11, 21, 13, 23, 33, 43, 35, 45, 55
3, 11, 21, 13, 23, 33, 43, 51, 55
3, 11, 21, 13, 23, 33, 43, 53, 55
3, 11, 21, 29, 37, 55
3, 11, 21, 29, 39, 31, 23, 15, 5, 55
3, 11, 21, 29, 39, 31, 23, 15, 7, 55
3, 11, 21, 29, 39, 31, 23, 15, 25, 17, 9, 55
3, 11, 21, 29, 39, 31, 23, 15, 25, 17, 27, 55
3, 11, 21, 29, 39, 31, 23, 15, 25, 33, 41, 49, 55
3, 11, 21, 29, 39, 31, 23, 15, 25, 33, 41, 51, 55
3, 11, 21, 29, 39, 31, 23, 15, 25, 33, 43, 35, 27, 55
3, 11, 21, 29, 39, 31, 23, 15, 25, 33, 43, 35, 45, 55
3, 11, 21, 29, 39, 31, 23, 15, 25, 33, 43, 51, 55
3, 11, 21, 29, 39, 31, 23, 15, 25, 33, 43, 53, 55
3, 11, 21, 29, 39, 31, 23, 15, 25, 35, 27, 55
3, 11, 21, 29, 39, 31, 23, 15, 25, 35, 43, 51, 55
3, 11, 21, 29, 39, 31, 23, 15, 25, 35, 43, 53, 55
3, 11, 21, 29, 39, 31, 23, 15, 25, 35, 45, 55
3, 11, 21, 29, 39, 31, 23, 33, 25, 17, 7, 55
3, 11, 21, 29, 39, 31, 23, 33, 25, 17, 9, 55
3, 11, 21, 29, 39, 31, 23, 33, 25, 17, 27, 55
3, 11, 21, 29, 39, 31, 23, 33, 25, 35, 27, 55
3, 11, 21, 29, 39, 31, 23, 33, 25, 35, 43, 51, 55
3, 11, 21, 29, 39, 31, 23, 33, 25, 35, 43, 53, 55
3, 11, 21, 29, 39, 31, 23, 33, 25, 35, 45, 55
3, 11, 21, 29, 39, 31, 23, 33, 41, 49, 55
3, 11, 21, 29, 39, 31, 23, 33, 41, 51, 55
3, 11, 21, 29, 39, 31, 23, 33, 43, 35, 27, 55
3, 11, 21, 29, 39, 31, 23, 33, 43, 35, 45, 55
3, 11, 21, 29, 39, 31, 23, 33, 43, 51, 55
3, 11, 21, 29, 39, 31, 23, 33, 43, 53, 55
3, 11, 21, 29, 39, 31, 41, 33, 25, 15, 5, 55
3, 11, 21, 29, 39, 31, 41, 33, 25, 15, 7, 55
3, 11, 21, 29, 39, 31, 41, 33, 25, 17, 7, 55
3, 11, 21, 29, 39, 31, 41, 33, 25, 17, 9, 55
3, 11, 21, 29, 39, 31, 41, 33, 25, 17, 27, 55
3, 11, 21, 29, 39, 31, 41, 33, 25, 35, 27, 55
3, 11, 21, 29, 39, 31, 41, 33, 25, 35, 43, 51, 55
3, 11, 21, 29, 39, 31, 41, 33, 25, 35, 43, 53, 55
3, 11, 21, 29, 39, 31, 41, 33, 25, 35, 45, 55
3, 11, 21, 29, 39, 31, 41, 33, 43, 35, 27, 55
3, 11, 21, 29, 39, 31, 41, 33, 43, 35, 45, 55
3, 11, 21, 29, 39, 31, 41, 33, 43, 51, 55
3, 11, 21, 29, 39, 31, 41, 33, 43, 53, 55
3, 11, 21, 29, 39, 31, 41, 49, 55
3, 11, 21, 29, 39, 31, 41, 51, 55
3, 11, 21, 29, 39, 47, 55
3, 11, 21, 29, 39, 49, 55
3, 11, 21, 31, 23, 15, 5, 55
3, 11, 21, 31, 23, 15, 7, 55
3, 11, 21, 31, 23, 15, 25, 17, 9, 55
3, 11, 21, 31, 23, 15, 25, 17, 27, 55
3, 11, 21, 31, 23, 15, 25, 33, 41, 49, 55
3, 11, 21, 31, 23, 15, 25, 33, 41, 51, 55
3, 11, 21, 31, 23, 15, 25, 33, 43, 35, 27, 55
3, 11, 21, 31, 23, 15, 25, 33, 43, 35, 45, 55
3, 11, 21, 31, 23, 15, 25, 33, 43, 51, 55
3, 11, 21, 31, 23, 15, 25, 33, 43, 53, 55
3, 11, 21, 31, 23, 15, 25, 35, 27, 55
3, 11, 21, 31, 23, 15, 25, 35, 43, 51, 55
3, 11, 21, 31, 23, 15, 25, 35, 43, 53, 55
3, 11, 21, 31, 23, 15, 25, 35, 45, 55
3, 11, 21, 31, 23, 33, 25, 17, 7, 55
3, 11, 21, 31, 23, 33, 25, 17, 9, 55
3, 11, 21, 31, 23, 33, 25, 17, 27, 55
3, 11, 21, 31, 23, 33, 25, 35, 27, 55
3, 11, 21, 31, 23, 33, 25, 35, 43, 51, 55
3, 11, 21, 31, 23, 33, 25, 35, 43, 53, 55
3, 11, 21, 31, 23, 33, 25, 35, 45, 55
3, 11, 21, 31, 23, 33, 41, 49, 55
3, 11, 21, 31, 23, 33, 41, 51, 55
3, 11, 21, 31, 23, 33, 43, 35, 27, 55
3, 11, 21, 31, 23, 33, 43, 35, 45, 55
3, 11, 21, 31, 23, 33, 43, 51, 55
3, 11, 21, 31, 23, 33, 43, 53, 55
3, 11, 21, 31, 39, 47, 55
3, 11, 21, 31, 39, 49, 55
3, 11, 21, 31, 41, 33, 25, 15, 5, 55
3, 11, 21, 31, 41, 33, 25, 15, 7, 55
3, 11, 21, 31, 41, 33, 25, 17, 7, 55
3, 11, 21, 31, 41, 33, 25, 17, 9, 55
3, 11, 21, 31, 41, 33, 25, 17, 27, 55
3, 11, 21, 31, 41, 33, 25, 35, 27, 55
3, 11, 21, 31, 41, 33, 25, 35, 43, 51, 55
3, 11, 21, 31, 41, 33, 25, 35, 43, 53, 55
3, 11, 21, 31, 41, 33, 25, 35, 45, 55
3, 11, 21, 31, 41, 33, 43, 35, 27, 55
3, 11, 21, 31, 41, 33, 43, 35, 45, 55
3, 11, 21, 31, 41, 33, 43, 51, 55
3, 11, 21, 31, 41, 33, 43, 53, 55
3, 11, 21, 31, 41, 49, 55
3, 11, 21, 31, 41, 51, 55
3, 13, 5, 55
3, 13, 21, 29, 19, 55
3, 13, 21, 29, 37, 55
3, 13, 21, 29, 39, 31, 23, 15, 7, 55
3, 13, 21, 29, 39, 31, 23, 15, 25, 17, 9, 55
3, 13, 21, 29, 39, 31, 23, 15, 25, 17, 27, 55
3, 13, 21, 29, 39, 31, 23, 15, 25, 33, 41, 49, 55
3, 13, 21, 29, 39, 31, 23, 15, 25, 33, 41, 51, 55
3, 13, 21, 29, 39, 31, 23, 15, 25, 33, 43, 35, 27, 55
3, 13, 21, 29, 39, 31, 23, 15, 25, 33, 43, 35, 45, 55
3, 13, 21, 29, 39, 31, 23, 15, 25, 33, 43, 51, 55
3, 13, 21, 29, 39, 31, 23, 15, 25, 33, 43, 53, 55
3, 13, 21, 29, 39, 31, 23, 15, 25, 35, 27, 55
3, 13, 21, 29, 39, 31, 23, 15, 25, 35, 43, 51, 55
3, 13, 21, 29, 39, 31, 23, 15, 25, 35, 43, 53, 55
3, 13, 21, 29, 39, 31, 23, 15, 25, 35, 45, 55
3, 13, 21, 29, 39, 31, 23, 33, 25, 17, 7, 55
3, 13, 21, 29, 39, 31, 23, 33, 25, 17, 9, 55
3, 13, 21, 29, 39, 31, 23, 33, 25, 17, 27, 55
3, 13, 21, 29, 39, 31, 23, 33, 25, 35, 27, 55
3, 13, 21, 29, 39, 31, 23, 33, 25, 35, 43, 51, 55
3, 13, 21, 29, 39, 31, 23, 33, 25, 35, 43, 53, 55
3, 13, 21, 29, 39, 31, 23, 33, 25, 35, 45, 55
3, 13, 21, 29, 39, 31, 23, 33, 41, 49, 55
3, 13, 21, 29, 39, 31, 23, 33, 41, 51, 55
3, 13, 21, 29, 39, 31, 23, 33, 43, 35, 27, 55
3, 13, 21, 29, 39, 31, 23, 33, 43, 35, 45, 55
3, 13, 21, 29, 39, 31, 23, 33, 43, 51, 55
3, 13, 21, 29, 39, 31, 23, 33, 43, 53, 55
3, 13, 21, 29, 39, 31, 41, 33, 25, 15, 7, 55
3, 13, 21, 29, 39, 31, 41, 33, 25, 17, 7, 55
3, 13, 21, 29, 39, 31, 41, 33, 25, 17, 9, 55
3, 13, 21, 29, 39, 31, 41, 33, 25, 17, 27, 55
3, 13, 21, 29, 39, 31, 41, 33, 25, 35, 27, 55
3, 13, 21, 29, 39, 31, 41, 33, 25, 35, 43, 51, 55
3, 13, 21, 29, 39, 31, 41, 33, 25, 35, 43, 53, 55
3, 13, 21, 29, 39, 31, 41, 33, 25, 35, 45, 55
3, 13, 21, 29, 39, 31, 41, 33, 43, 35, 27, 55
3, 13, 21, 29, 39, 31, 41, 33, 43, 35, 45, 55
3, 13, 21, 29, 39, 31, 41, 33, 43, 51, 55
3, 13, 21, 29, 39, 31, 41, 33, 43, 53, 55
3, 13, 21, 29, 39, 31, 41, 49, 55
3, 13, 21, 29, 39, 31, 41, 51, 55
3, 13, 21, 29, 39, 47, 55
3, 13, 21, 29, 39, 49, 55
3, 13, 21, 31, 23, 15, 7, 55
3, 13, 21, 31, 23, 15, 25, 17, 9, 55
3, 13, 21, 31, 23, 15, 25, 17, 27, 55
3, 13, 21, 31, 23, 15, 25, 33, 41, 49, 55
3, 13, 21, 31, 23, 15, 25, 33, 41, 51, 55
3, 13, 21, 31, 23, 15, 25, 33, 43, 35, 27, 55
3, 13, 21, 31, 23, 15, 25, 33, 43, 35, 45, 55
3, 13, 21, 31, 23, 15, 25, 33, 43, 51, 55
3, 13, 21, 31, 23, 15, 25, 33, 43, 53, 55
3, 13, 21, 31, 23, 15, 25, 35, 27, 55
3, 13, 21, 31, 23, 15, 25, 35, 43, 51, 55
3, 13, 21, 31, 23, 15, 25, 35, 43, 53, 55
3, 13, 21, 31, 23, 15, 25, 35, 45, 55
3, 13, 21, 31, 23, 33, 25, 17, 7, 55
3, 13, 21, 31, 23, 33, 25, 17, 9, 55
3, 13, 21, 31, 23, 33, 25, 17, 27, 55
3, 13, 21, 31, 23, 33, 25, 35, 27, 55
3, 13, 21, 31, 23, 33, 25, 35, 43, 51, 55
3, 13, 21, 31, 23, 33, 25, 35, 43, 53, 55
3, 13, 21, 31, 23, 33, 25, 35, 45, 55
3, 13, 21, 31, 23, 33, 41, 49, 55
3, 13, 21, 31, 23, 33, 41, 51, 55
3, 13, 21, 31, 23, 33, 43, 35, 27, 55
3, 13, 21, 31, 23, 33, 43, 35, 45, 55
3, 13, 21, 31, 23, 33, 43, 51, 55
3, 13, 21, 31, 23, 33, 43, 53, 55
3, 13, 21, 31, 39, 47, 55
3, 13, 21, 31, 39, 49, 55
3, 13, 21, 31, 41, 33, 25, 15, 7, 55
3, 13, 21, 31, 41, 33, 25, 17, 7, 55
3, 13, 21, 31, 41, 33, 25, 17, 9, 55
3, 13, 21, 31, 41, 33, 25, 17, 27, 55
3, 13, 21, 31, 41, 33, 25, 35, 27, 55
3, 13, 21, 31, 41, 33, 25, 35, 43, 51, 55
3, 13, 21, 31, 41, 33, 25, 35, 43, 53, 55
3, 13, 21, 31, 41, 33, 25, 35, 45, 55
3, 13, 21, 31, 41, 33, 43, 35, 27, 55
3, 13, 21, 31, 41, 33, 43, 35, 45, 55
3, 13, 21, 31, 41, 33, 43, 51, 55
3, 13, 21, 31, 41, 33, 43, 53, 55
3, 13, 21, 31, 41, 49, 55
3, 13, 21, 31, 41, 51, 55
3, 13, 23, 15, 7, 55
3, 13, 23, 15, 25, 17, 9, 55
3, 13, 23, 15, 25, 17, 27, 55
3, 13, 23, 15, 25, 33, 41, 31, 39, 29, 19, 55
3, 13, 23, 15, 25, 33, 41, 31, 39, 29, 37, 55
3, 13, 23, 15, 25, 33, 41, 31, 39, 47, 55
3, 13, 23, 15, 25, 33, 41, 31, 39, 49, 55
3, 13, 23, 15, 25, 33, 41, 49, 55
3, 13, 23, 15, 25, 33, 41, 51, 55
3, 13, 23, 15, 25, 33, 43, 35, 27, 55
3, 13, 23, 15, 25, 33, 43, 35, 45, 55
3, 13, 23, 15, 25, 33, 43, 51, 55
3, 13, 23, 15, 25, 33, 43, 53, 55
3, 13, 23, 15, 25, 35, 27, 55
3, 13, 23, 15, 25, 35, 43, 51, 55
3, 13, 23, 15, 25, 35, 43, 53, 55
3, 13, 23, 15, 25, 35, 45, 55
3, 13, 23, 31, 39, 29, 19, 55
3, 13, 23, 31, 39, 29, 37, 55
3, 13, 23, 31, 39, 47, 55
3, 13, 23, 31, 39, 49, 55
3, 13, 23, 31, 41, 33, 25, 17, 7, 55
3, 13, 23, 31, 41, 33, 25, 17, 9, 55
3, 13, 23, 31, 41, 33, 25, 17, 27, 55
3, 13, 23, 31, 41, 33, 25, 35, 27, 55
3, 13, 23, 31, 41, 33, 25, 35, 43, 51, 55
3, 13, 23, 31, 41, 33, 25, 35, 43, 53, 55
3, 13, 23, 31, 41, 33, 25, 35, 45, 55
3, 13, 23, 31, 41, 33, 43, 35, 27, 55
3, 13, 23, 31, 41, 33, 43, 35, 45, 55
3, 13, 23, 31, 41, 33, 43, 51, 55
3, 13, 23, 31, 41, 33, 43, 53, 55
3, 13, 23, 31, 41, 49, 55
3, 13, 23, 31, 41, 51, 55
3, 13, 23, 33, 25, 17, 7, 55
3, 13, 23, 33, 25, 17, 9, 55
3, 13, 23, 33, 25, 17, 27, 55
3, 13, 23, 33, 25, 35, 27, 55
3, 13, 23, 33, 25, 35, 43, 51, 55
3, 13, 23, 33, 25, 35, 43, 53, 55
3, 13, 23, 33, 25, 35, 45, 55
3, 13, 23, 33, 41, 49, 55
3, 13, 23, 33, 41, 51, 55
3, 13, 23, 33, 43, 35, 27, 55
3, 13, 23, 33, 43, 35, 45, 55
3, 13, 23, 33, 43, 51, 55
3, 13, 23, 33, 43, 53, 55
4, 12, 20, 10, 55
4, 12, 20, 28, 55
4, 12, 20, 30, 22, 14
4, 12, 20, 30, 22, 14, 6, 55
4, 12, 20, 30, 22, 14, 24, 16, 8, 55
4, 12, 20, 30, 22, 14, 24, 16, 26, 18, 55
4, 12, 20, 30, 22, 14, 24, 16, 26, 34, 42, 32, 40, 48, 55
4, 12, 20, 30, 22, 14, 24, 16, 26, 34, 42, 32, 40, 50, 55
4, 12, 20, 30, 22, 14, 24, 16, 26, 34, 42, 50, 55
4, 12, 20, 30, 22, 14, 24, 16, 26, 34, 42, 52, 55
4, 12, 20, 30, 22, 14, 24, 16, 26, 34, 44, 36, 55
4, 12, 20, 30, 22, 14, 24, 16, 26, 34, 44, 52, 55
4, 12, 20, 30, 22, 14, 24, 16, 26, 34, 44, 54, 55
4, 12, 20, 30, 22, 14, 24, 16, 26, 36, 55
4, 12, 20, 30, 22, 14, 24, 32, 40, 48, 55
4, 12, 20, 30, 22, 14, 24, 32, 40, 50, 55
4, 12, 20, 30, 22, 14, 24, 32, 42, 34, 26, 18, 55
4, 12, 20, 30, 22, 14, 24, 32, 42, 34, 26, 36, 55
4, 12, 20, 30, 22, 14, 24, 32, 42, 34, 44, 36, 55
4, 12, 20, 30, 22, 14, 24, 32, 42, 34, 44, 52, 55
4, 12, 20, 30, 22, 14, 24, 32, 42, 34, 44, 54, 55
4, 12, 20, 30, 22, 14, 24, 32, 42, 50, 55
4, 12, 20, 30, 22, 14, 24, 32, 42, 52, 55
4, 12, 20, 30, 22, 14, 24, 34, 26, 18, 55
4, 12, 20, 30, 22, 14, 24, 34, 26, 36, 55
4, 12, 20, 30, 22, 14, 24, 34, 42, 50, 55
4, 12, 20, 30, 22, 14, 24, 34, 42, 52, 55
4, 12, 20, 30, 22, 14, 24, 34, 44, 36, 55
4, 12, 20, 30, 22, 14, 24, 34, 44, 52, 55
4, 12, 20, 30, 22, 14, 24, 34, 44, 54, 55
4, 12, 20, 30, 22, 32, 24, 16, 6, 55
4, 12, 20, 30, 22, 32, 24, 16, 8, 55
4, 12, 20, 30, 22, 32, 24, 16, 26, 18, 55
4, 12, 20, 30, 22, 32, 24, 16, 26, 34, 42, 50, 55
4, 12, 20, 30, 22, 32, 24, 16, 26, 34, 42, 52, 55
4, 12, 20, 30, 22, 32, 24, 16, 26, 34, 44, 36, 55
4, 12, 20, 30, 22, 32, 24, 16, 26, 34, 44, 52, 55
4, 12, 20, 30, 22, 32, 24, 16, 26, 34, 44, 54, 55
4, 12, 20, 30, 22, 32, 24, 16, 26, 36, 55
4, 12, 20, 30, 22, 32, 24, 34, 26, 18, 55
4, 12, 20, 30, 22, 32, 24, 34, 26, 36, 55
4, 12, 20, 30, 22, 32, 24, 34, 42, 50, 55
4, 12, 20, 30, 22, 32, 24, 34, 42, 52, 55
4, 12, 20, 30, 22, 32, 24, 34, 44, 36, 55
4, 12, 20, 30, 22, 32, 24, 34, 44, 52, 55
4, 12, 20, 30, 22, 32, 24, 34, 44, 54, 55
4, 12, 20, 30, 22, 32, 40, 48, 55
4, 12, 20, 30, 22, 32, 40, 50, 55
4, 12, 20, 30, 22, 32, 42, 34, 26, 16, 6, 55
4, 12, 20, 30, 22, 32, 42, 34, 26, 16, 8, 55
4, 12, 20, 30, 22, 32, 42, 34, 26, 18, 55
4, 12, 20, 30, 22, 32, 42, 34, 26, 36, 55
4, 12, 20, 30, 22, 32, 42, 34, 44, 36, 55
4, 12, 20, 30, 22, 32, 42, 34, 44, 52, 55
4, 12, 20, 30, 22, 32, 42, 34, 44, 54, 55
4, 12, 20, 30, 22, 32, 42, 50, 55
4, 12, 20, 30, 22, 32, 42, 52, 55
4, 12, 20, 30, 38, 46, 55
4, 12, 20, 30, 38, 48, 55
4, 12, 20, 30, 40, 32, 24, 14
4, 12, 20, 30, 40, 32, 24, 14, 6, 55
4, 12, 20, 30, 40, 32, 24, 16, 6, 55
4, 12, 20, 30, 40, 32, 24, 16, 8, 55
4, 12, 20, 30, 40, 32, 24, 16, 26, 18, 55
4, 12, 20, 30, 40, 32, 24, 16, 26, 34, 42, 50, 55
4, 12, 20, 30, 40, 32, 24, 16, 26, 34, 42, 52, 55
4, 12, 20, 30, 40, 32, 24, 16, 26, 34, 44, 36, 55
4, 12, 20, 30, 40, 32, 24, 16, 26, 34, 44, 52, 55
4, 12, 20, 30, 40, 32, 24, 16, 26, 34, 44, 54, 55
4, 12, 20, 30, 40, 32, 24, 16, 26, 36, 55
4, 12, 20, 30, 40, 32, 24, 34, 26, 18, 55
4, 12, 20, 30, 40, 32, 24, 34, 26, 36, 55
4, 12, 20, 30, 40, 32, 24, 34, 42, 50, 55
4, 12, 20, 30, 40, 32, 24, 34, 42, 52, 55
4, 12, 20, 30, 40, 32, 24, 34, 44, 36, 55
4, 12, 20, 30, 40, 32, 24, 34, 44, 52, 55
4, 12, 20, 30, 40, 32, 24, 34, 44, 54, 55
4, 12, 20, 30, 40, 32, 42, 34, 26, 16, 6, 55
4, 12, 20, 30, 40, 32, 42, 34, 26, 16, 8, 55
4, 12, 20, 30, 40, 32, 42, 34, 26, 18, 55
4, 12, 20, 30, 40, 32, 42, 34, 26, 36, 55
4, 12, 20, 30, 40, 32, 42, 34, 44, 36, 55
4, 12, 20, 30, 40, 32, 42, 34, 44, 52, 55
4, 12, 20, 30, 40, 32, 42, 34, 44, 54, 55
4, 12, 20, 30, 40, 32, 42, 50, 55
4, 12, 20, 30, 40, 32, 42, 52, 55
4, 12, 20, 30, 40, 48, 55
4, 12, 20, 30, 40, 50, 55
4, 12, 22, 14
4, 12, 22, 14, 6, 55
4, 12, 22, 14, 24, 16, 8, 55
4, 12, 22, 14, 24, 16, 26, 18, 55
4, 12, 22, 14, 24, 16, 26, 34, 42, 32, 40, 30, 38, 28, 55
4, 12, 22, 14, 24, 16, 26, 34, 42, 32, 40, 30, 38, 46, 55
4, 12, 22, 14, 24, 16, 26, 34, 42, 32, 40, 30, 38, 48, 55
4, 12, 22, 14, 24, 16, 26, 34, 42, 32, 40, 48, 55
4, 12, 22, 14, 24, 16, 26, 34, 42, 32, 40, 50, 55
4, 12, 22, 14, 24, 16, 26, 34, 42, 50, 55
4, 12, 22, 14, 24, 16, 26, 34, 42, 52, 55
4, 12, 22, 14, 24, 16, 26, 34, 44, 36, 55
4, 12, 22, 14, 24, 16, 26, 34, 44, 52, 55
4, 12, 22, 14, 24, 16, 26, 34, 44, 54, 55
4, 12, 22, 14, 24, 16, 26, 36, 55
4, 12, 22, 14, 24, 32, 40, 30, 38, 28, 55
4, 12, 22, 14, 24, 32, 40, 30, 38, 46, 55
4, 12, 22, 14, 24, 32, 40, 30, 38, 48, 55
4, 12, 22, 14, 24, 32, 40, 48, 55
4, 12, 22, 14, 24, 32, 40, 50, 55
4, 12, 22, 14, 24, 32, 42, 34, 26, 18, 55
4, 12, 22, 14, 24, 32, 42, 34, 26, 36, 55
4, 12, 22, 14, 24, 32, 42, 34, 44, 36, 55
4, 12, 22, 14, 24, 32, 42, 34, 44, 52, 55
4, 12, 22, 14, 24, 32, 42, 34, 44, 54, 55
4, 12, 22, 14, 24, 32, 42, 50, 55
4, 12, 22, 14, 24, 32, 42, 52, 55
4, 12, 22, 14, 24, 34, 26, 18, 55
4, 12, 22, 14, 24, 34, 26, 36, 55
4, 12, 22, 14, 24, 34, 42, 50, 55
4, 12, 22, 14, 24, 34, 42, 52, 55
4, 12, 22, 14, 24, 34, 44, 36, 55
4, 12, 22, 14, 24, 34, 44, 52, 55
4, 12, 22, 14, 24, 34, 44, 54, 55
4, 12, 22, 30, 38, 28, 55
4, 12, 22, 30, 38, 46, 55
4, 12, 22, 30, 38, 48, 55
4, 12, 22, 30, 40, 32, 24, 16, 6, 55
4, 12, 22, 30, 40, 32, 24, 16, 8, 55
4, 12, 22, 30, 40, 32, 24, 16, 26, 18, 55
4, 12, 22, 30, 40, 32, 24, 16, 26, 34, 42, 50, 55
4, 12, 22, 30, 40, 32, 24, 16, 26, 34, 42, 52, 55
4, 12, 22, 30, 40, 32, 24, 16, 26, 34, 44, 36, 55
4, 12, 22, 30, 40, 32, 24, 16, 26, 34, 44, 52, 55
4, 12, 22, 30, 40, 32, 24, 16, 26, 34, 44, 54, 55
4, 12, 22, 30, 40, 32, 24, 16, 26, 36, 55
4, 12, 22, 30, 40, 32, 24, 34, 26, 18, 55
4, 12, 22, 30, 40, 32, 24, 34, 26, 36, 55
4, 12, 22, 30, 40, 32, 24, 34, 42, 50, 55
4, 12, 22, 30, 40, 32, 24, 34, 42, 52, 55
4, 12, 22, 30, 40, 32, 24, 34, 44, 36, 55
4, 12, 22, 30, 40, 32, 24, 34, 44, 52, 55
4, 12, 22, 30, 40, 32, 24, 34, 44, 54, 55
4, 12, 22, 30, 40, 32, 42, 34, 26, 16, 6, 55
4, 12, 22, 30, 40, 32, 42, 34, 26, 16, 8, 55
4, 12, 22, 30, 40, 32, 42, 34, 26, 18, 55
4, 12, 22, 30, 40, 32, 42, 34, 26, 36, 55
4, 12, 22, 30, 40, 32, 42, 34, 44, 36, 55
4, 12, 22, 30, 40, 32, 42, 34, 44, 52, 55
4, 12, 22, 30, 40, 32, 42, 34, 44, 54, 55
4, 12, 22, 30, 40, 32, 42, 50, 55
4, 12, 22, 30, 40, 32, 42, 52, 55
4, 12, 22, 30, 40, 48, 55
4, 12, 22, 30, 40, 50, 55
4, 12, 22, 32, 24, 16, 6, 55
4, 12, 22, 32, 24, 16, 8, 55
4, 12, 22, 32, 24, 16, 26, 18, 55
4, 12, 22, 32, 24, 16, 26, 34, 42, 50, 55
4, 12, 22, 32, 24, 16, 26, 34, 42, 52, 55
4, 12, 22, 32, 24, 16, 26, 34, 44, 36, 55
4, 12, 22, 32, 24, 16, 26, 34, 44, 52, 55
4, 12, 22, 32, 24, 16, 26, 34, 44, 54, 55
4, 12, 22, 32, 24, 16, 26, 36, 55
4, 12, 22, 32, 24, 34, 26, 18, 55
4, 12, 22, 32, 24, 34, 26, 36, 55
4, 12, 22, 32, 24, 34, 42, 50, 55
4, 12, 22, 32, 24, 34, 42, 52, 55
4, 12, 22, 32, 24, 34, 44, 36, 55
4, 12, 22, 32, 24, 34, 44, 52, 55
4, 12, 22, 32, 24, 34, 44, 54, 55
4, 12, 22, 32, 40, 48, 55
4, 12, 22, 32, 40, 50, 55
4, 12, 22, 32, 42, 34, 26, 16, 6, 55
4, 12, 22, 32, 42, 34, 26, 16, 8, 55
4, 12, 22, 32, 42, 34, 26, 18, 55
4, 12, 22, 32, 42, 34, 26, 36, 55
4, 12, 22, 32, 42, 34, 44, 36, 55
4, 12, 22, 32, 42, 34, 44, 52, 55
4, 12, 22, 32, 42, 34, 44, 54, 55
4, 12, 22, 32, 42, 50, 55
4, 12, 22, 32, 42, 52, 55
4, 14, 6, 55
4, 14, 22, 30, 20, 10, 55
4, 14, 22, 30, 20, 28, 55
4, 14, 22, 30, 38, 28, 55
4, 14, 22, 30, 38, 46, 55
4, 14, 22, 30, 38, 48, 55
4, 14, 22, 30, 40, 32, 24, 16, 8, 55
4, 14, 22, 30, 40, 32, 24, 16, 26, 18, 55
4, 14, 22, 30, 40, 32, 24, 16, 26, 34, 42, 50, 55
4, 14, 22, 30, 40, 32, 24, 16, 26, 34, 42, 52, 55
4, 14, 22, 30, 40, 32, 24, 16, 26, 34, 44, 36, 55
4, 14, 22, 30, 40, 32, 24, 16, 26, 34, 44, 52, 55
4, 14, 22, 30, 40, 32, 24, 16, 26, 34, 44, 54, 55
4, 14, 22, 30, 40, 32, 24, 16, 26, 36, 55
4, 14, 22, 30, 40, 32, 24, 34, 26, 18, 55
4, 14, 22, 30, 40, 32, 24, 34, 26, 36, 55
4, 14, 22, 30, 40, 32, 24, 34, 42, 50, 55
4, 14, 22, 30, 40, 32, 24, 34, 42, 52, 55
4, 14, 22, 30, 40, 32, 24, 34, 44, 36, 55
4, 14, 22, 30, 40, 32, 24, 34, 44, 52, 55
4, 14, 22, 30, 40, 32, 24, 34, 44, 54, 55
4, 14, 22, 30, 40, 32, 42, 34, 26, 16, 8, 55
4, 14, 22, 30, 40, 32, 42, 34, 26, 18, 55
4, 14, 22, 30, 40, 32, 42, 34, 26, 36, 55
4, 14, 22, 30, 40, 32, 42, 34, 44, 36, 55
4, 14, 22, 30, 40, 32, 42, 34, 44, 52, 55
4, 14, 22, 30, 40, 32, 42, 34, 44, 54, 55
4, 14, 22, 30, 40, 32, 42, 50, 55
4, 14, 22, 30, 40, 32, 42, 52, 55
4, 14, 22, 30, 40, 48, 55
4, 14, 22, 30, 40, 50, 55
4, 14, 22, 32, 24, 16, 8, 55
4, 14, 22, 32, 24, 16, 26, 18, 55
4, 14, 22, 32, 24, 16, 26, 34, 42, 50, 55
4, 14, 22, 32, 24, 16, 26, 34, 42, 52, 55
4, 14, 22, 32, 24, 16, 26, 34, 44, 36, 55
4, 14, 22, 32, 24, 16, 26, 34, 44, 52, 55
4, 14, 22, 32, 24, 16, 26, 34, 44, 54, 55
4, 14, 22, 32, 24, 16, 26, 36, 55
4, 14, 22, 32, 24, 34, 26, 18, 55
4, 14, 22, 32, 24, 34, 26, 36, 55
4, 14, 22, 32, 24, 34, 42, 50, 55
4, 14, 22, 32, 24, 34, 42, 52, 55
4, 14, 22, 32, 24, 34, 44, 36, 55
4, 14, 22, 32, 24, 34, 44, 52, 55
4, 14, 22, 32, 24, 34, 44, 54, 55
4, 14, 22, 32, 40, 48, 55
4, 14, 22, 32, 40, 50, 55
4, 14, 22, 32, 42, 34, 26, 16, 8, 55
4, 14, 22, 32, 42, 34, 26, 18, 55
4, 14, 22, 32, 42, 34, 26, 36, 55
4, 14, 22, 32, 42, 34, 44, 36, 55
4, 14, 22, 32, 42, 34, 44, 52, 55
4, 14, 22, 32, 42, 34, 44, 54, 55
4, 14, 22, 32, 42, 50, 55
4, 14, 22, 32, 42, 52, 55
4, 14, 24, 16, 8, 55
4, 14, 24, 16, 26, 18, 55
4, 14, 24, 16, 26, 34, 42, 32, 40, 30, 20, 10, 55
4, 14, 24, 16, 26, 34, 42, 32, 40, 30, 20, 28, 55
4, 14, 24, 16, 26, 34, 42, 32, 40, 30, 38, 28, 55
4, 14, 24, 16, 26, 34, 42, 32, 40, 30, 38, 46, 55
4, 14, 24, 16, 26, 34, 42, 32, 40, 30, 38, 48, 55
4, 14, 24, 16, 26, 34, 42, 32, 40, 48, 55
4, 14, 24, 16, 26, 34, 42, 32, 40, 50, 55
4, 14, 24, 16, 26, 34, 42, 50, 55
4, 14, 24, 16, 26, 34, 42, 52, 55
4, 14, 24, 16, 26, 34, 44, 36, 55
4, 14, 24, 16, 26, 34, 44, 52, 55
4, 14, 24, 16, 26, 34, 44, 54, 55
4, 14, 24, 16, 26, 36, 55
4, 14, 24, 32, 40, 30, 20, 10, 55
4, 14, 24, 32, 40, 30, 20, 28, 55
4, 14, 24, 32, 40, 30, 38, 28, 55
4, 14, 24, 32, 40, 30, 38, 46, 55
4, 14, 24, 32, 40, 30, 38, 48, 55
4, 14, 24, 32, 40, 48, 55
4, 14, 24, 32, 40, 50, 55
4, 14, 24, 32, 42, 34, 26, 18, 55
4, 14, 24, 32, 42, 34, 26, 36, 55
4, 14, 24, 32, 42, 34, 44, 36, 55
4, 14, 24, 32, 42, 34, 44, 52, 55
4, 14, 24, 32, 42, 34, 44, 54, 55
4, 14, 24, 32, 42, 50, 55
4, 14, 24, 32, 42, 52, 55
4, 14, 24, 34, 26, 18, 55
4, 14, 24, 34, 26, 36, 55
4, 14, 24, 34, 42, 50, 55
4, 14, 24, 34, 42, 52, 55
4, 14, 24, 34, 44, 36, 55
4, 14, 24, 34, 44, 52, 55
4, 14, 24, 34, 44, 54, 55
5, 13, 21, 11, 19, 55
5, 13, 21, 29, 19, 55
5, 13, 21, 29, 37, 55
5, 13, 21, 29, 39, 31, 23, 15
5, 13, 21, 29, 39, 31, 23, 15, 7, 55
5, 13, 21, 29, 39, 31, 23, 15, 25, 17, 9, 55
5, 13, 21, 29, 39, 31, 23, 15, 25, 17, 27, 55
5, 13, 21, 29, 39, 31, 23, 15, 25, 33, 41, 49, 55
5, 13, 21, 29, 39, 31, 23, 15, 25, 33, 41, 51, 55
5, 13, 21, 29, 39, 31, 23, 15, 25, 33, 43, 35, 27, 55
5, 13, 21, 29, 39, 31, 23, 15, 25, 33, 43, 35, 45, 55
5, 13, 21, 29, 39, 31, 23, 15, 25, 33, 43, 51, 55
5, 13, 21, 29, 39, 31, 23, 15, 25, 33, 43, 53, 55
5, 13, 21, 29, 39, 31, 23, 15, 25, 35, 27, 55
5, 13, 21, 29, 39, 31, 23, 15, 25, 35, 43, 51, 55
5, 13, 21, 29, 39, 31, 23, 15, 25, 35, 43, 53, 55
5, 13, 21, 29, 39, 31, 23, 15, 25, 35, 45, 55
5, 13, 21, 29, 39, 31, 23, 33, 25, 17, 7, 55
5, 13, 21, 29, 39, 31, 23, 33, 25, 17, 9, 55
5, 13, 21, 29, 39, 31, 23, 33, 25, 17, 27, 55
5, 13, 21, 29, 39, 31, 23, 33, 25, 35, 27, 55
5, 13, 21, 29, 39, 31, 23, 33, 25, 35, 43, 51, 55
5, 13, 21, 29, 39, 31, 23, 33, 25, 35, 43, 53, 55
5, 13, 21, 29, 39, 31, 23, 33, 25, 35, 45, 55
5, 13, 21, 29, 39, 31, 23, 33, 41, 49, 55
5, 13, 21, 29, 39, 31, 23, 33, 41, 51, 55
5, 13, 21, 29, 39, 31, 23, 33, 43, 35, 27, 55
5, 13, 21, 29, 39, 31, 23, 33, 43, 35, 45, 55
5, 13, 21, 29, 39, 31, 23, 33, 43, 51, 55
5, 13, 21, 29, 39, 31, 23, 33, 43, 53, 55
5, 13, 21, 29, 39, 31, 41, 33, 25, 15
5, 13, 21, 29, 39, 31, 41, 33, 25, 15, 7, 55
5, 13, 21, 29, 39, 31, 41, 33, 25, 17, 7, 55
5, 13, 21, 29, 39, 31, 41, 33, 25, 17, 9, 55
5, 13, 21, 29, 39, 31, 41, 33, 25, 17, 27, 55
5, 13, 21, 29, 39, 31, 41, 33, 25, 35, 27, 55
5, 13, 21, 29, 39, 31, 41, 33, 25, 35, 43, 51, 55
5, 13, 21, 29, 39, 31, 41, 33, 25, 35, 43, 53, 55
5, 13, 21, 29, 39, 31, 41, 33, 25, 35, 45, 55
5, 13, 21, 29, 39, 31, 41, 33, 43, 35, 27, 55
5, 13, 21, 29, 39, 31, 41, 33, 43, 35, 45, 55
5, 13, 21, 29, 39, 31, 41, 33, 43, 51, 55
5, 13, 21, 29, 39, 31, 41, 33, 43, 53, 55
5, 13, 21, 29, 39, 31, 41, 49, 55
5, 13, 21, 29, 39, 31, 41, 51, 55
5, 13, 21, 29, 39, 47, 55
5, 13, 21, 29, 39, 49, 55
5, 13, 21, 31, 23, 15
5, 13, 21, 31, 23, 15, 7, 55
5, 13, 21, 31, 23, 15, 25, 17, 9, 55
5, 13, 21, 31, 23, 15, 25, 17, 27, 55
5, 13, 21, 31, 23, 15, 25, 33, 41, 49, 55
5, 13, 21, 31, 23, 15, 25, 33, 41, 51, 55
5, 13, 21, 31, 23, 15, 25, 33, 43, 35, 27, 55
5, 13, 21, 31, 23, 15, 25, 33, 43, 35, 45, 55
5, 13, 21, 31, 23, 15, 25, 33, 43, 51, 55
5, 13, 21, 31, 23, 15, 25, 33, 43, 53, 55
5, 13, 21, 31, 23, 15, 25, 35, 27, 55
5, 13, 21, 31, 23, 15, 25, 35, 43, 51, 55
5, 13, 21, 31, 23, 15, 25, 35, 43, 53, 55
5, 13, 21, 31, 23, 15, 25, 35, 45, 55
5, 13, 21, 31, 23, 33, 25, 17, 7, 55
5, 13, 21, 31, 23, 33, 25, 17, 9, 55
5, 13, 21, 31, 23, 33, 25, 17, 27, 55
5, 13, 21, 31, 23, 33, 25, 35, 27, 55
5, 13, 21, 31, 23, 33, 25, 35, 43, 51, 55
5, 13, 21, 31, 23, 33, 25, 35, 43, 53, 55
5, 13, 21, 31, 23, 33, 25, 35, 45, 55
5, 13, 21, 31, 23, 33, 41, 49, 55
5, 13, 21, 31, 23, 33, 41, 51, 55
5, 13, 21, 31, 23, 33, 43, 35, 27, 55
5, 13, 21, 31, 23, 33, 43, 35, 45, 55
5, 13, 21, 31, 23, 33, 43, 51, 55
5, 13, 21, 31, 23, 33, 43, 53, 55
5, 13, 21, 31, 39, 47, 55
5, 13, 21, 31, 39, 49, 55
5, 13, 21, 31, 41, 33, 25, 15
5, 13, 21, 31, 41, 33, 25, 15, 7, 55
5, 13, 21, 31, 41, 33, 25, 17, 7, 55
5, 13, 21, 31, 41, 33, 25, 17, 9, 55
5, 13, 21, 31, 41, 33, 25, 17, 27, 55
5, 13, 21, 31, 41, 33, 25, 35, 27, 55
5, 13, 21, 31, 41, 33, 25, 35, 43, 51, 55
5, 13, 21, 31, 41, 33, 25, 35, 43, 53, 55
5, 13, 21, 31, 41, 33, 25, 35, 45, 55
5, 13, 21, 31, 41, 33, 43, 35, 27, 55
5, 13, 21, 31, 41, 33, 43, 35, 45, 55
5, 13, 21, 31, 41, 33, 43, 51, 55
5, 13, 21, 31, 41, 33, 43, 53, 55
5, 13, 21, 31, 41, 49, 55
5, 13, 21, 31, 41, 51, 55
5, 13, 23, 15
5, 13, 23, 15, 7, 55
5, 13, 23, 15, 25, 17, 9, 55
5, 13, 23, 15, 25, 17, 27, 55
5, 13, 23, 15, 25, 33, 41, 31, 39, 29, 19, 55
5, 13, 23, 15, 25, 33, 41, 31, 39, 29, 37, 55
5, 13, 23, 15, 25, 33, 41, 31, 39, 47, 55
5, 13, 23, 15, 25, 33, 41, 31, 39, 49, 55
5, 13, 23, 15, 25, 33, 41, 49, 55
5, 13, 23, 15, 25, 33, 41, 51, 55
5, 13, 23, 15, 25, 33, 43, 35, 27, 55
5, 13, 23, 15, 25, 33, 43, 35, 45, 55
5, 13, 23, 15, 25, 33, 43, 51, 55
5, 13, 23, 15, 25, 33, 43, 53, 55
5, 13, 23, 15, 25, 35, 27, 55
5, 13, 23, 15, 25, 35, 43, 51, 55
5, 13, 23, 15, 25, 35, 43, 53, 55
5, 13, 23, 15, 25, 35, 45, 55
5, 13, 23, 31, 39, 29, 19, 55
5, 13, 23, 31, 39, 29, 37, 55
5, 13, 23, 31, 39, 47, 55
5, 13, 23, 31, 39, 49, 55
5, 13, 23, 31, 41, 33, 25, 17, 7, 55
5, 13, 23, 31, 41, 33, 25, 17, 9, 55
5, 13, 23, 31, 41, 33, 25, 17, 27, 55
5, 13, 23, 31, 41, 33, 25, 35, 27, 55
5, 13, 23, 31, 41, 33, 25, 35, 43, 51, 55
5, 13, 23, 31, 41, 33, 25, 35, 43, 53, 55
5, 13, 23, 31, 41, 33, 25, 35, 45, 55
5, 13, 23, 31, 41, 33, 43, 35, 27, 55
5, 13, 23, 31, 41, 33, 43, 35, 45, 55
5, 13, 23, 31, 41, 33, 43, 51, 55
5, 13, 23, 31, 41, 33, 43, 53, 55
5, 13, 23, 31, 41, 49, 55
5, 13, 23, 31, 41, 51, 55
5, 13, 23, 33, 25, 17, 7, 55
5, 13, 23, 33, 25, 17, 9, 55
5, 13, 23, 33, 25, 17, 27, 55
5, 13, 23, 33, 25, 35, 27, 55
5, 13, 23, 33, 25, 35, 43, 51, 55
5, 13, 23, 33, 25, 35, 43, 53, 55
5, 13, 23, 33, 25, 35, 45, 55
5, 13, 23, 33, 41, 49, 55
5, 13, 23, 33, 41, 51, 55
5, 13, 23, 33, 43, 35, 27, 55
5, 13, 23, 33, 43, 35, 45, 55
5, 13, 23, 33, 43, 51, 55
5, 13, 23, 33, 43, 53, 55
5, 15, 7, 55
5, 15, 23, 31, 21, 11, 19, 55
5, 15, 23, 31, 21, 29, 19, 55
5, 15, 23, 31, 21, 29, 37, 55
5, 15, 23, 31, 21, 29, 39, 47, 55
5, 15, 23, 31, 21, 29, 39, 49, 55
5, 15, 23, 31, 39, 29, 19, 55
5, 15, 23, 31, 39, 29, 37, 55
5, 15, 23, 31, 39, 47, 55
5, 15, 23, 31, 39, 49, 55
5, 15, 23, 31, 41, 33, 25, 17, 9, 55
5, 15, 23, 31, 41, 33, 25, 17, 27, 55
5, 15, 23, 31, 41, 33, 25, 35, 27, 55
5, 15, 23, 31, 41, 33, 25, 35, 43, 51, 55
5, 15, 23, 31, 41, 33, 25, 35, 43, 53, 55
5, 15, 23, 31, 41, 33, 25, 35, 45, 55
5, 15, 23, 31, 41, 33, 43, 35, 27, 55
5, 15, 23, 31, 41, 33, 43, 35, 45, 55
5, 15, 23, 31, 41, 33, 43, 51, 55
5, 15, 23, 31, 41, 33, 43, 53, 55
5, 15, 23, 31, 41, 49, 55
5, 15, 23, 31, 41, 51, 55
5, 15, 23, 33, 25, 17, 9, 55
5, 15, 23, 33, 25, 17, 27, 55
5, 15, 23, 33, 25, 35, 27, 55
5, 15, 23, 33, 25, 35, 43, 51, 55
5, 15, 23, 33, 25, 35, 43, 53, 55
5, 15, 23, 33, 25, 35, 45, 55
5, 15, 23, 33, 41, 49, 55
5, 15, 23, 33, 41, 51, 55
5, 15, 23, 33, 43, 35, 27, 55
5, 15, 23, 33, 43, 35, 45, 55
5, 15, 23, 33, 43, 51, 55
5, 15, 23, 33, 43, 53, 55
5, 15, 25, 17, 9, 55
5, 15, 25, 17, 27, 55
5, 15, 25, 33, 41, 31, 21, 11, 19, 55
5, 15, 25, 33, 41, 31, 21, 29, 19, 55
5, 15, 25, 33, 41, 31, 21, 29, 37, 55
5, 15, 25, 33, 41, 31, 21, 29, 39, 47, 55
5, 15, 25, 33, 41, 31, 21, 29, 39, 49, 55
5, 15, 25, 33, 41, 31, 39, 29, 19, 55
5, 15, 25, 33, 41, 31, 39, 29, 37, 55
5, 15, 25, 33, 41, 31, 39, 47, 55
5, 15, 25, 33, 41, 31, 39, 49, 55
5, 15, 25, 33, 41, 49, 55
5, 15, 25, 33, 41, 51, 55
5, 15, 25, 33, 43, 35, 27, 55
5, 15, 25, 33, 43, 35, 45, 55
5, 15, 25, 33, 43, 51, 55
5, 15, 25, 33, 43, 53, 55
5, 15, 25, 35, 27, 55
5, 15, 25, 35, 43, 51, 55
5, 15, 25, 35, 43, 53, 55
5, 15, 25, 35, 45, 55
6, 14, 22, 12, 20, 10, 55
6, 14, 22, 12, 20, 28, 55
6, 14, 22, 12, 20, 30, 38, 46, 55
6, 14, 22, 12, 20, 30, 38, 48, 55
6, 14, 22, 12, 20, 30, 40, 32, 24, 16
6, 14, 22, 12, 20, 30, 40, 32, 24, 16, 8, 55
6, 14, 22, 12, 20, 30, 40, 32, 24, 16, 26, 18, 55
6, 14, 22, 12, 20, 30, 40, 32, 24, 16, 26, 34, 42, 50, 55
6, 14, 22, 12, 20, 30, 40, 32, 24, 16, 26, 34, 42, 52, 55
6, 14, 22, 12, 20, 30, 40, 32, 24, 16, 26, 34, 44, 36, 55
6, 14, 22, 12, 20, 30, 40, 32, 24, 16, 26, 34, 44, 52, 55
6, 14, 22, 12, 20, 30, 40, 32, 24, 16, 26, 34, 44, 54, 55
6, 14, 22, 12, 20, 30, 40, 32, 24, 16, 26, 36, 55
6, 14, 22, 12, 20, 30, 40, 32, 24, 34, 26, 18, 55
6, 14, 22, 12, 20, 30, 40, 32, 24, 34, 26, 36, 55
6, 14, 22, 12, 20, 30, 40, 32, 24, 34, 42, 50, 55
6, 14, 22, 12, 20, 30, 40, 32, 24, 34, 42, 52, 55
6, 14, 22, 12, 20, 30, 40, 32, 24, 34, 44, 36, 55
6, 14, 22, 12, 20, 30, 40, 32, 24, 34, 44, 52, 55
6, 14, 22, 12, 20, 30, 40, 32, 24, 34, 44, 54, 55
6, 14, 22, 12, 20, 30, 40, 32, 42, 34, 26, 16
6, 14, 22, 12, 20, 30, 40, 32, 42, 34, 26, 16, 8, 55
6, 14, 22, 12, 20, 30, 40, 32, 42, 34, 26, 18, 55
6, 14, 22, 12, 20, 30, 40, 32, 42, 34, 26, 36, 55
6, 14, 22, 12, 20, 30, 40, 32, 42, 34, 44, 36, 55
6, 14, 22, 12, 20, 30, 40, 32, 42, 34, 44, 52, 55
6, 14, 22, 12, 20, 30, 40, 32, 42, 34, 44, 54, 55
6, 14, 22, 12, 20, 30, 40, 32, 42, 50, 55
6, 14, 22, 12, 20, 30, 40, 32, 42, 52, 55
6, 14, 22, 12, 20, 30, 40, 48, 55
6, 14, 22, 12, 20, 30, 40, 50, 55
6, 14, 22, 30, 20, 10, 55
6, 14, 22, 30, 20, 28, 55
6, 14, 22, 30, 38, 28, 55
6, 14, 22, 30, 38, 46, 55
6, 14, 22, 30, 38, 48, 55
6, 14, 22, 30, 40, 32, 24, 16
6, 14, 22, 30, 40, 32, 24, 16, 8, 55
6, 14, 22, 30, 40, 32, 24, 16, 26, 18, 55
6, 14, 22, 30, 40, 32, 24, 16, 26, 34, 42, 50, 55
6, 14, 22, 30, 40, 32, 24, 16, 26, 34, 42, 52, 55
6, 14, 22, 30, 40, 32, 24, 16, 26, 34, 44, 36, 55
6, 14, 22, 30, 40, 32, 24, 16, 26, 34, 44, 52, 55
6, 14, 22, 30, 40, 32, 24, 16, 26, 34, 44, 54, 55
6, 14, 22, 30, 40, 32, 24, 16, 26, 36, 55
6, 14, 22, 30, 40, 32, 24, 34, 26, 18, 55
6, 14, 22, 30, 40, 32, 24, 34, 26, 36, 55
6, 14, 22, 30, 40, 32, 24, 34, 42, 50, 55
6, 14, 22, 30, 40, 32, 24, 34, 42, 52, 55
6, 14, 22, 30, 40, 32, 24, 34, 44, 36, 55
6, 14, 22, 30, 40, 32, 24, 34, 44, 52, 55
6, 14, 22, 30, 40, 32, 24, 34, 44, 54, 55
6, 14, 22, 30, 40, 32, 42, 34, 26, 16
6, 14, 22, 30, 40, 32, 42, 34, 26, 16, 8, 55
6, 14, 22, 30, 40, 32, 42, 34, 26, 18, 55
6, 14, 22, 30, 40, 32, 42, 34, 26, 36, 55
6, 14, 22, 30, 40, 32, 42, 34, 44, 36, 55
6, 14, 22, 30, 40, 32, 42, 34, 44, 52, 55
6, 14, 22, 30, 40, 32, 42, 34, 44, 54, 55
6, 14, 22, 30, 40, 32, 42, 50, 55
6, 14, 22, 30, 40, 32, 42, 52, 55
6, 14, 22, 30, 40, 48, 55
6, 14, 22, 30, 40, 50, 55
6, 14, 22, 32, 24, 16
6, 14, 22, 32, 24, 16, 8, 55
6, 14, 22, 32, 24, 16, 26, 18, 55
6, 14, 22, 32, 24, 16, 26, 34, 42, 50, 55
6, 14, 22, 32, 24, 16, 26, 34, 42, 52, 55
6, 14, 22, 32, 24, 16, 26, 34, 44, 36, 55
6, 14, 22, 32, 24, 16, 26, 34, 44, 52, 55
6, 14, 22, 32, 24, 16, 26, 34, 44, 54, 55
6, 14, 22, 32, 24, 16, 26, 36, 55
6, 14, 22, 32, 24, 34, 26, 18, 55
6, 14, 22, 32, 24, 34, 26, 36, 55
6, 14, 22, 32, 24, 34, 42, 50, 55
6, 14, 22, 32, 24, 34, 42, 52, 55
6, 14, 22, 32, 24, 34, 44, 36, 55
6, 14, 22, 32, 24, 34, 44, 52, 55
6, 14, 22, 32, 24, 34, 44, 54, 55
6, 14, 22, 32, 40, 48, 55
6, 14, 22, 32, 40, 50, 55
6, 14, 22, 32, 42, 34, 26, 16
6, 14, 22, 32, 42, 34, 26, 16, 8, 55
6, 14, 22, 32, 42, 34, 26, 18, 55
6, 14, 22, 32, 42, 34, 26, 36, 55
6, 14, 22, 32, 42, 34, 44, 36, 55
6, 14, 22, 32, 42, 34, 44, 52, 55
6, 14, 22, 32, 42, 34, 44, 54, 55
6, 14, 22, 32, 42, 50, 55
6, 14, 22, 32, 42, 52, 55
6, 14, 24, 16
6, 14, 24, 16, 8, 55
6, 14, 24, 16, 26, 18, 55
6, 14, 24, 16, 26, 34, 42, 32, 40, 30, 20, 10, 55
6, 14, 24, 16, 26, 34, 42, 32, 40, 30, 20, 28, 55
6, 14, 24, 16, 26, 34, 42, 32, 40, 30, 38, 28, 55
6, 14, 24, 16, 26, 34, 42, 32, 40, 30, 38, 46, 55
6, 14, 24, 16, 26, 34, 42, 32, 40, 30, 38, 48, 55
6, 14, 24, 16, 26, 34, 42, 32, 40, 48, 55
6, 14, 24, 16, 26, 34, 42, 32, 40, 50, 55
6, 14, 24, 16, 26, 34, 42, 50, 55
6, 14, 24, 16, 26, 34, 42, 52, 55
6, 14, 24, 16, 26, 34, 44, 36, 55
6, 14, 24, 16, 26, 34, 44, 52, 55
6, 14, 24, 16, 26, 34, 44, 54, 55
6, 14, 24, 16, 26, 36, 55
6, 14, 24, 32, 40, 30, 20, 10, 55
6, 14, 24, 32, 40, 30, 20, 28, 55
6, 14, 24, 32, 40, 30, 38, 28, 55
6, 14, 24, 32, 40, 30, 38, 46, 55
6, 14, 24, 32, 40, 30, 38, 48, 55
6, 14, 24, 32, 40, 48, 55
6, 14, 24, 32, 40, 50, 55
6, 14, 24, 32, 42, 34, 26, 18, 55
6, 14, 24, 32, 42, 34, 26, 36, 55
6, 14, 24, 32, 42, 34, 44, 36, 55
6, 14, 24, 32, 42, 34, 44, 52, 55
6, 14, 24, 32, 42, 34, 44, 54, 55
6, 14, 24, 32, 42, 50, 55
6, 14, 24, 32, 42, 52, 55
6, 14, 24, 34, 26, 18, 55
6, 14, 24, 34, 26, 36, 55
6, 14, 24, 34, 42, 50, 55
6, 14, 24, 34, 42, 52, 55
6, 14, 24, 34, 44, 36, 55
6, 14, 24, 34, 44, 52, 55
6, 14, 24, 34, 44, 54, 55
6, 16, 8, 55
6, 16, 24, 32, 22, 12, 20, 10, 55
6, 16, 24, 32, 22, 12, 20, 28, 55
6, 16, 24, 32, 22, 12, 20, 30, 38, 46, 55
6, 16, 24, 32, 22, 12, 20, 30, 38, 48, 55
6, 16, 24, 32, 22, 12, 20, 30, 40, 48, 55
6, 16, 24, 32, 22, 12, 20, 30, 40, 50, 55
6, 16, 24, 32, 22, 30, 20, 10, 55
6, 16, 24, 32, 22, 30, 20, 28, 55
6, 16, 24, 32, 22, 30, 38, 28, 55
6, 16, 24, 32, 22, 30, 38, 46, 55
6, 16, 24, 32, 22, 30, 38, 48, 55
6, 16, 24, 32, 22, 30, 40, 48, 55
6, 16, 24, 32, 22, 30, 40, 50, 55
6, 16, 24, 32, 40, 30, 20, 10, 55
6, 16, 24, 32, 40, 30, 20, 28, 55
6, 16, 24, 32, 40, 30, 38, 28, 55
6, 16, 24, 32, 40, 30, 38, 46, 55
6, 16, 24, 32, 40, 30, 38, 48, 55
6, 16, 24, 32, 40, 48, 55
6, 16, 24, 32, 40, 50, 55
6, 16, 24, 32, 42, 34, 26, 18, 55
6, 16, 24, 32, 42, 34, 26, 36, 55
6, 16, 24, 32, 42, 34, 44, 36, 55
6, 16, 24, 32, 42, 34, 44, 52, 55
6, 16, 24, 32, 42, 34, 44, 54, 55
6, 16, 24, 32, 42, 50, 55
6, 16, 24, 32, 42, 52, 55
6, 16, 24, 34, 26, 18, 55
6, 16, 24, 34, 26, 36, 55
6, 16, 24, 34, 42, 50, 55
6, 16, 24, 34, 42, 52, 55
6, 16, 24, 34, 44, 36, 55
6, 16, 24, 34, 44, 52, 55
6, 16, 24, 34, 44, 54, 55
6, 16, 26, 18, 55
6, 16, 26, 34, 42, 32, 22, 12, 20, 10, 55
6, 16, 26, 34, 42, 32, 22, 12, 20, 28, 55
6, 16, 26, 34, 42, 32, 22, 12, 20, 30, 38, 46, 55
6, 16, 26, 34, 42, 32, 22, 12, 20, 30, 38, 48, 55
6, 16, 26, 34, 42, 32, 22, 12, 20, 30, 40, 48, 55
6, 16, 26, 34, 42, 32, 22, 12, 20, 30, 40, 50, 55
6, 16, 26, 34, 42, 32, 22, 30, 20, 10, 55
6, 16, 26, 34, 42, 32, 22, 30, 20, 28, 55
6, 16, 26, 34, 42, 32, 22, 30, 38, 28, 55
6, 16, 26, 34, 42, 32, 22, 30, 38, 46, 55
6, 16, 26, 34, 42, 32, 22, 30, 38, 48, 55
6, 16, 26, 34, 42, 32, 22, 30, 40, 48, 55
6, 16, 26, 34, 42, 32, 22, 30, 40, 50, 55
6, 16, 26, 34, 42, 32, 40, 30, 20, 10, 55
6, 16, 26, 34, 42, 32, 40, 30, 20, 28, 55
6, 16, 26, 34, 42, 32, 40, 30, 38, 28, 55
6, 16, 26, 34, 42, 32, 40, 30, 38, 46, 55
6, 16, 26, 34, 42, 32, 40, 30, 38, 48, 55
6, 16, 26, 34, 42, 32, 40, 48, 55
6, 16, 26, 34, 42, 32, 40, 50, 55
6, 16, 26, 34, 42, 50, 55
6, 16, 26, 34, 42, 52, 55
6, 16, 26, 34, 44, 36, 55
6, 16, 26, 34, 44, 52, 55
6, 16, 26, 34, 44, 54, 55
6, 16, 26, 36, 55
7, 15, 23, 13, 21, 11, 19, 55
7, 15, 23, 13, 21, 29, 19, 55
7, 15, 23, 13, 21, 29, 37, 55
7, 15, 23, 13, 21, 29, 39, 31, 41, 33, 25, 17
7, 15, 23, 13, 21, 29, 39, 31, 41, 33, 25, 17, 9, 55
7, 15, 23, 13, 21, 29, 39, 31, 41, 33, 25, 17, 27, 55
7, 15, 23, 13, 21, 29, 39, 31, 41, 33, 25, 35, 27, 55
7, 15, 23, 13, 21, 29, 39, 31, 41, 33, 25, 35, 43, 51, 55
7, 15, 23, 13, 21, 29, 39, 31, 41, 33, 25, 35, 43, 53, 55
7, 15, 23, 13, 21, 29, 39, 31, 41, 33, 25, 35, 45, 55
7, 15, 23, 13, 21, 29, 39, 31, 41, 33, 43, 35, 27, 55
7, 15, 23, 13, 21, 29, 39, 31, 41, 33, 43, 35, 45, 55
7, 15, 23, 13, 21, 29, 39, 31, 41, 33, 43, 51, 55
7, 15, 23, 13, 21, 29, 39, 31, 41, 33, 43, 53, 55
7, 15, 23, 13, 21, 29, 39, 31, 41, 49, 55
7, 15, 23, 13, 21, 29, 39, 31, 41, 51, 55
7, 15, 23, 13, 21, 29, 39, 47, 55
7, 15, 23, 13, 21, 29, 39, 49, 55
7, 15, 23, 13, 21, 31, 39, 47, 55
7, 15, 23, 13, 21, 31, 39, 49, 55
7, 15, 23, 13, 21, 31, 41, 33, 25, 17
7, 15, 23, 13, 21, 31, 41, 33, 25, 17, 9, 55
7, 15, 23, 13, 21, 31, 41, 33, 25, 17, 27, 55
7, 15, 23, 13, 21, 31, 41, 33, 25, 35, 27, 55
7, 15, 23, 13, 21, 31, 41, 33, 25, 35, 43, 51, 55
7, 15, 23, 13, 21, 31, 41, 33, 25, 35, 43, 53, 55
7, 15, 23, 13, 21, 31, 41, 33, 25, 35, 45, 55
7, 15, 23, 13, 21, 31, 41, 33, 43, 35, 27, 55
7, 15, 23, 13, 21, 31, 41, 33, 43, 35, 45, 55
7, 15, 23, 13, 21, 31, 41, 33, 43, 51, 55
7, 15, 23, 13, 21, 31, 41, 33, 43, 53, 55
7, 15, 23, 13, 21, 31, 41, 49, 55
7, 15, 23, 13, 21, 31, 41, 51, 55
7, 15, 23, 31, 21, 11, 19, 55
7, 15, 23, 31, 21, 29, 19, 55
7, 15, 23, 31, 21, 29, 37, 55
7, 15, 23, 31, 21, 29, 39, 47, 55
7, 15, 23, 31, 21, 29, 39, 49, 55
7, 15, 23, 31, 39, 29, 19, 55
7, 15, 23, 31, 39, 29, 37, 55
7, 15, 23, 31, 39, 47, 55
7, 15, 23, 31, 39, 49, 55
7, 15, 23, 31, 41, 33, 25, 17
7, 15, 23, 31, 41, 33, 25, 17, 9, 55
7, 15, 23, 31, 41, 33, 25, 17, 27, 55
7, 15, 23, 31, 41, 33, 25, 35, 27, 55
7, 15, 23, 31, 41, 33, 25, 35, 43, 51, 55
7, 15, 23, 31, 41, 33, 25, 35, 43, 53, 55
7, 15, 23, 31, 41, 33, 25, 35, 45, 55
7, 15, 23, 31, 41, 33, 43, 35, 27, 55
7, 15, 23, 31, 41, 33, 43, 35, 45, 55
7, 15, 23, 31, 41, 33, 43, 51, 55
7, 15, 23, 31, 41, 33, 43, 53, 55
7, 15, 23, 31, 41, 49, 55
7, 15, 23, 31, 41, 51, 55
7, 15, 23, 33, 25, 17
7, 15, 23, 33, 25, 17, 9, 55
7, 15, 23, 33, 25, 17, 27, 55
7, 15, 23, 33, 25, 35, 27, 55
7, 15, 23, 33, 25, 35, 43, 51, 55
7, 15, 23, 33, 25, 35, 43, 53, 55
7, 15, 23, 33, 25, 35, 45, 55
7, 15, 23, 33, 41, 49, 55
7, 15, 23, 33, 41, 51, 55
7, 15, 23, 33, 43, 35, 27, 55
7, 15, 23, 33, 43, 35, 45, 55
7, 15, 23, 33, 43, 51, 55
7, 15, 23, 33, 43, 53, 55
7, 15, 25, 17
7, 15, 25, 17, 9, 55
7, 15, 25, 17, 27, 55
7, 15, 25, 33, 41, 31, 21, 11, 19, 55
7, 15, 25, 33, 41, 31, 21, 29, 19, 55
7, 15, 25, 33, 41, 31, 21, 29, 37, 55
7, 15, 25, 33, 41, 31, 21, 29, 39, 47, 55
7, 15, 25, 33, 41, 31, 21, 29, 39, 49, 55
7, 15, 25, 33, 41, 31, 39, 29, 19, 55
7, 15, 25, 33, 41, 31, 39, 29, 37, 55
7, 15, 25, 33, 41, 31, 39, 47, 55
7, 15, 25, 33, 41, 31, 39, 49, 55
7, 15, 25, 33, 41, 49, 55
7, 15, 25, 33, 41, 51, 55
7, 15, 25, 33, 43, 35, 27, 55
7, 15, 25, 33, 43, 35, 45, 55
7, 15, 25, 33, 43, 51, 55
7, 15, 25, 33, 43, 53, 55
7, 15, 25, 35, 27, 55
7, 15, 25, 35, 43, 51, 55
7, 15, 25, 35, 43, 53, 55
7, 15, 25, 35, 45, 55
7, 17, 9, 55
7, 17, 25, 33, 23, 13, 21, 11, 19, 55
7, 17, 25, 33, 23, 13, 21, 29, 19, 55
7, 17, 25, 33, 23, 13, 21, 29, 37, 55
7, 17, 25, 33, 23, 13, 21, 29, 39, 31, 41, 49, 55
7, 17, 25, 33, 23, 13, 21, 29, 39, 31, 41, 51, 55
7, 17, 25, 33, 23, 13, 21, 29, 39, 47, 55
7, 17, 25, 33, 23, 13, 21, 29, 39, 49, 55
7, 17, 25, 33, 23, 13, 21, 31, 39, 47, 55
7, 17, 25, 33, 23, 13, 21, 31, 39, 49, 55
7, 17, 25, 33, 23, 13, 21, 31, 41, 49, 55
7, 17, 25, 33, 23, 13, 21, 31, 41, 51, 55
7, 17, 25, 33, 23, 31, 21, 11, 19, 55
7, 17, 25, 33, 23, 31, 21, 29, 19, 55
7, 17, 25, 33, 23, 31, 21, 29, 37, 55
7, 17, 25, 33, 23, 31, 21, 29, 39, 47, 55
7, 17, 25, 33, 23, 31, 21, 29, 39, 49, 55
7, 17, 25, 33, 23, 31, 39, 29, 19, 55
7, 17, 25, 33, 23, 31, 39, 29, 37, 55
7, 17, 25, 33, 23, 31, 39, 47, 55
7, 17, 25, 33, 23, 31, 39, 49, 55
7, 17, 25, 33, 23, 31, 41, 49, 55
7, 17, 25, 33, 23, 31, 41, 51, 55
7, 17, 25, 33, 41, 31, 21, 11, 19, 55
7, 17, 25, 33, 41, 31, 21, 29, 19, 55
7, 17, 25, 33, 41, 31, 21, 29, 37, 55
7, 17, 25, 33, 41, 31, 21, 29, 39, 47, 55
7, 17, 25, 33, 41, 31, 21, 29, 39, 49, 55
7, 17, 25, 33, 41, 31, 39, 29, 19, 55
7, 17, 25, 33, 41, 31, 39, 29, 37, 55
7, 17, 25, 33, 41, 31, 39, 47, 55
7, 17, 25, 33, 41, 31, 39, 49, 55
7, 17, 25, 33, 41, 49, 55
7, 17, 25, 33, 41, 51, 55
7, 17, 25, 33, 43, 35, 27, 55
7, 17, 25, 33, 43, 35, 45, 55
7, 17, 25, 33, 43, 51, 55
7, 17, 25, 33, 43, 53, 55
7, 17, 25, 35, 27, 55
7, 17, 25, 35, 43, 51, 55
7, 17, 25, 35, 43, 53, 55
7, 17, 25, 35, 45, 55
7, 17, 27, 55
8, 16, 24, 14, 22, 12, 20, 10, 55
8, 16, 24, 14, 22, 12, 20, 28, 55
8, 16, 24, 14, 22, 12, 20, 30, 38, 46, 55
8, 16, 24, 14, 22, 12, 20, 30, 38, 48, 55
8, 16, 24, 14, 22, 12, 20, 30, 40, 32, 42, 34, 26, 18
8, 16, 24, 14, 22, 12, 20, 30, 40, 32, 42, 34, 26, 18, 55
8, 16, 24, 14, 22, 12, 20, 30, 40, 32, 42, 34, 26, 36, 55
8, 16, 24, 14, 22, 12, 20, 30, 40, 32, 42, 34, 44, 36, 55
8, 16, 24, 14, 22, 12, 20, 30, 40, 32, 42, 34, 44, 52, 55
8, 16, 24, 14, 22, 12, 20, 30, 40, 32, 42, 34, 44, 54, 55
8, 16, 24, 14, 22, 12, 20, 30, 40, 32, 42, 50, 55
8, 16, 24, 14, 22, 12, 20, 30, 40, 32, 42, 52, 55
8, 16, 24, 14, 22, 12, 20, 30, 40, 48, 55
8, 16, 24, 14, 22, 12, 20, 30, 40, 50, 55
8, 16, 24, 14, 22, 30, 20, 10, 55
8, 16, 24, 14, 22, 30, 20, 28, 55
8, 16, 24, 14, 22, 30, 38, 28, 55
8, 16, 24, 14, 22, 30, 38, 46, 55
8, 16, 24, 14, 22, 30, 38, 48, 55
8, 16, 24, 14, 22, 30, 40, 32, 42, 34, 26, 18
8, 16, 24, 14, 22, 30, 40, 32, 42, 34, 26, 18, 55
8, 16, 24, 14, 22, 30, 40, 32, 42, 34, 26, 36, 55
8, 16, 24, 14, 22, 30, 40, 32, 42, 34, 44, 36, 55
8, 16, 24, 14, 22, 30, 40, 32, 42, 34, 44, 52, 55
8, 16, 24, 14, 22, 30, 40, 32, 42, 34, 44, 54, 55
8, 16, 24, 14, 22, 30, 40, 32, 42, 50, 55
8, 16, 24, 14, 22, 30, 40, 32, 42, 52, 55
8, 16, 24, 14, 22, 30, 40, 48, 55
8, 16, 24, 14, 22, 30, 40, 50, 55
8, 16, 24, 14, 22, 32, 40, 48, 55
8, 16, 24, 14, 22, 32, 40, 50, 55
8, 16, 24, 14, 22, 32, 42, 34, 26, 18
8, 16, 24, 14, 22, 32, 42, 34, 26, 18, 55
8, 16, 24, 14, 22, 32, 42, 34, 26, 36, 55
8, 16, 24, 14, 22, 32, 42, 34, 44, 36, 55
8, 16, 24, 14, 22, 32, 42, 34, 44, 52, 55
8, 16, 24, 14, 22, 32, 42, 34, 44, 54, 55
8, 16, 24, 14, 22, 32, 42, 50, 55
8, 16, 24, 14, 22, 32, 42, 52, 55
8, 16, 24, 32, 22, 12, 20, 10, 55
8, 16, 24, 32, 22, 12, 20, 28, 55
8, 16, 24, 32, 22, 12, 20, 30, 38, 46, 55
8, 16, 24, 32, 22, 12, 20, 30, 38, 48, 55
8, 16, 24, 32, 22, 12, 20, 30, 40, 48, 55
8, 16, 24, 32, 22, 12, 20, 30, 40, 50, 55
8, 16, 24, 32, 22, 30, 20, 10, 55
8, 16, 24, 32, 22, 30, 20, 28, 55
8, 16, 24, 32, 22, 30, 38, 28, 55
8, 16, 24, 32, 22, 30, 38, 46, 55
8, 16, 24, 32, 22, 30, 38, 48, 55
8, 16, 24, 32, 22, 30, 40, 48, 55
8, 16, 24, 32, 22, 30, 40, 50, 55
8, 16, 24, 32, 40, 30, 20, 10, 55
8, 16, 24, 32, 40, 30, 20, 28, 55
8, 16, 24, 32, 40, 30, 38, 28, 55
8, 16, 24, 32, 40, 30, 38, 46, 55
8, 16, 24, 32, 40, 30, 38, 48, 55
8, 16, 24, 32, 40, 48, 55
8, 16, 24, 32, 40, 50, 55
8, 16, 24, 32, 42, 34, 26, 18
8, 16, 24, 32, 42, 34, 26, 18, 55
8, 16, 24, 32, 42, 34, 26, 36, 55
8, 16, 24, 32, 42, 34, 44, 36, 55
8, 16, 24, 32, 42, 34, 44, 52, 55
8, 16, 24, 32, 42, 34, 44, 54, 55
8, 16, 24, 32, 42, 50, 55
8, 16, 24, 32, 42, 52, 55
8, 16, 24, 34, 26, 18
8, 16, 24, 34, 26, 18, 55
8, 16, 24, 34, 26, 36, 55
8, 16, 24, 34, 42, 50, 55
8, 16, 24, 34, 42, 52, 55
8, 16, 24, 34, 44, 36, 55
8, 16, 24, 34, 44, 52, 55
8, 16, 24, 34, 44, 54, 55
8, 16, 26, 18
8, 16, 26, 18, 55
8, 16, 26, 34, 42, 32, 22, 12, 20, 10, 55
8, 16, 26, 34, 42, 32, 22, 12, 20, 28, 55
8, 16, 26, 34, 42, 32, 22, 12, 20, 30, 38, 46, 55
8, 16, 26, 34, 42, 32, 22, 12, 20, 30, 38, 48, 55
8, 16, 26, 34, 42, 32, 22, 12, 20, 30, 40, 48, 55
8, 16, 26, 34, 42, 32, 22, 12, 20, 30, 40, 50, 55
8, 16, 26, 34, 42, 32, 22, 30, 20, 10, 55
8, 16, 26, 34, 42, 32, 22, 30, 20, 28, 55
8, 16, 26, 34, 42, 32, 22, 30, 38, 28, 55
8, 16, 26, 34, 42, 32, 22, 30, 38, 46, 55
8, 16, 26, 34, 42, 32, 22, 30, 38, 48, 55
8, 16, 26, 34, 42, 32, 22, 30, 40, 48, 55
8, 16, 26, 34, 42, 32, 22, 30, 40, 50, 55
8, 16, 26, 34, 42, 32, 40, 30, 20, 10, 55
8, 16, 26, 34, 42, 32, 40, 30, 20, 28, 55
8, 16, 26, 34, 42, 32, 40, 30, 38, 28, 55
8, 16, 26, 34, 42, 32, 40, 30, 38, 46, 55
8, 16, 26, 34, 42, 32, 40, 30, 38, 48, 55
8, 16, 26, 34, 42, 32, 40, 48, 55
8, 16, 26, 34, 42, 32, 40, 50, 55
8, 16, 26, 34, 42, 50, 55
8, 16, 26, 34, 42, 52, 55
8, 16, 26, 34, 44, 36, 55
8, 16, 26, 34, 44, 52, 55
8, 16, 26, 34, 44, 54, 55
8, 16, 26, 36, 55
8, 18, 55
9, 17, 25, 15, 23, 13, 21, 11, 19, 55
9, 17, 25, 15, 23, 13, 21, 29, 19, 55
9, 17, 25, 15, 23, 13, 21, 29, 37, 55
9, 17, 25, 15, 23, 13, 21, 29, 39, 31, 41, 33, 43, 35, 27, 55
9, 17, 25, 15, 23, 13, 21, 29, 39, 31, 41, 33, 43, 35, 45, 55
9, 17, 25, 15, 23, 13, 21, 29, 39, 31, 41, 33, 43, 51, 55
9, 17, 25, 15, 23, 13, 21, 29, 39, 31, 41, 33, 43, 53, 55
9, 17, 25, 15, 23, 13, 21, 29, 39, 31, 41, 49, 55
9, 17, 25, 15, 23, 13, 21, 29, 39, 31, 41, 51, 55
9, 17, 25, 15, 23, 13, 21, 29, 39, 47, 55
9, 17, 25, 15, 23, 13, 21, 29, 39, 49, 55
9, 17, 25, 15, 23, 13, 21, 31, 39, 47, 55
9, 17, 25, 15, 23, 13, 21, 31, 39, 49, 55
9, 17, 25, 15, 23, 13, 21, 31, 41, 33, 43, 35, 27, 55
9, 17, 25, 15, 23, 13, 21, 31, 41, 33, 43, 35, 45, 55
9, 17, 25, 15, 23, 13, 21, 31, 41, 33, 43, 51, 55
9, 17, 25, 15, 23, 13, 21, 31, 41, 33, 43, 53, 55
9, 17, 25, 15, 23, 13, 21, 31, 41, 49, 55
9, 17, 25, 15, 23, 13, 21, 31, 41, 51, 55
9, 17, 25, 15, 23, 31, 21, 11, 19, 55
9, 17, 25, 15, 23, 31, 21, 29, 19, 55
9, 17, 25, 15, 23, 31, 21, 29, 37, 55
9, 17, 25, 15, 23, 31, 21, 29, 39, 47, 55
9, 17, 25, 15, 23, 31, 21, 29, 39, 49, 55
9, 17, 25, 15, 23, 31, 39, 29, 19, 55
9, 17, 25, 15, 23, 31, 39, 29, 37, 55
9, 17, 25, 15, 23, 31, 39, 47, 55
9, 17, 25, 15, 23, 31, 39, 49, 55
9, 17, 25, 15, 23, 31, 41, 33, 43, 35, 27, 55
9, 17, 25, 15, 23, 31, 41, 33, 43, 35, 45, 55
9, 17, 25, 15, 23, 31, 41, 33, 43, 51, 55
9, 17, 25, 15, 23, 31, 41, 33, 43, 53, 55
9, 17, 25, 15, 23, 31, 41, 49, 55
9, 17, 25, 15, 23, 31, 41, 51, 55
9, 17, 25, 15, 23, 33, 41, 49, 55
9, 17, 25, 15, 23, 33, 41, 51, 55
9, 17, 25, 15, 23, 33, 43, 35, 27, 55
9, 17, 25, 15, 23, 33, 43, 35, 45, 55
9, 17, 25, 15, 23, 33, 43, 51, 55
9, 17, 25, 15, 23, 33, 43, 53, 55
9, 17, 25, 33, 23, 13, 21, 11, 19, 55
9, 17, 25, 33, 23, 13, 21, 29, 19, 55
9, 17, 25, 33, 23, 13, 21, 29, 37, 55
9, 17, 25, 33, 23, 13, 21, 29, 39, 31, 41, 49, 55
9, 17, 25, 33, 23, 13, 21, 29, 39, 31, 41, 51, 55
9, 17, 25, 33, 23, 13, 21, 29, 39, 47, 55
9, 17, 25, 33, 23, 13, 21, 29, 39, 49, 55
9, 17, 25, 33, 23, 13, 21, 31, 39, 47, 55
9, 17, 25, 33, 23, 13, 21, 31, 39, 49, 55
9, 17, 25, 33, 23, 13, 21, 31, 41, 49, 55
9, 17, 25, 33, 23, 13, 21, 31, 41, 51, 55
9, 17, 25, 33, 23, 31, 21, 11, 19, 55
9, 17, 25, 33, 23, 31, 21, 29, 19, 55
9, 17, 25, 33, 23, 31, 21, 29, 37, 55
9, 17, 25, 33, 23, 31, 21, 29, 39, 47, 55
9, 17, 25, 33, 23, 31, 21, 29, 39, 49, 55
9, 17, 25, 33, 23, 31, 39, 29, 19, 55
9, 17, 25, 33, 23, 31, 39, 29, 37, 55
9, 17, 25, 33, 23, 31, 39, 47, 55
9, 17, 25, 33, 23, 31, 39, 49, 55
9, 17, 25, 33, 23, 31, 41, 49, 55
9, 17, 25, 33, 23, 31, 41, 51, 55
9, 17, 25, 33, 41, 31, 21, 11, 19, 55
9, 17, 25, 33, 41, 31, 21, 29, 19, 55
9, 17, 25, 33, 41, 31, 21, 29, 37, 55
9, 17, 25, 33, 41, 31, 21, 29, 39, 47, 55
9, 17, 25, 33, 41, 31, 21, 29, 39, 49, 55
9, 17, 25, 33, 41, 31, 39, 29, 19, 55
9, 17, 25, 33, 41, 31, 39, 29, 37, 55
9, 17, 25, 33, 41, 31, 39, 47, 55
9, 17, 25, 33, 41, 31, 39, 49, 55
9, 17, 25, 33, 41, 49, 55
9, 17, 25, 33, 41, 51, 55
9, 17, 25, 33, 43, 35, 27, 55
9, 17, 25, 33, 43, 35, 45, 55
9, 17, 25, 33, 43, 51, 55
9, 17, 25, 33, 43, 53, 55
9, 17, 25, 35, 27, 55
9, 17, 25, 35, 43, 51, 55
9, 17, 25, 35, 43, 53, 55
9, 17, 25, 35, 45, 55
9, 17, 27, 55
10, 20, 12, 22, 14, 24, 16, 26, 18, 55
10, 20, 12, 22, 14, 24, 16, 26, 34, 42, 32, 40, 30, 38, 28, 55
10, 20, 12, 22, 14, 24, 16, 26, 34, 42, 32, 40, 30, 38, 46, 55
10, 20, 12, 22, 14, 24, 16, 26, 34, 42, 32, 40, 30, 38, 48, 55
10, 20, 12, 22, 14, 24, 16, 26, 34, 42, 32, 40, 48, 55
10, 20, 12, 22, 14, 24, 16, 26, 34, 42, 32, 40, 50, 55
10, 20, 12, 22, 14, 24, 16, 26, 34, 42, 50, 55
10, 20, 12, 22, 14, 24, 16, 26, 34, 42, 52, 55
10, 20, 12, 22, 14, 24, 16, 26, 34, 44, 36, 55
10, 20, 12, 22, 14, 24, 16, 26, 34, 44, 52, 55
10, 20, 12, 22, 14, 24, 16, 26, 34, 44, 54, 55
10, 20, 12, 22, 14, 24, 16, 26, 36, 55
10, 20, 12, 22, 14, 24, 32, 40, 30, 38, 28, 55
10, 20, 12, 22, 14, 24, 32, 40, 30, 38, 46, 55
10, 20, 12, 22, 14, 24, 32, 40, 30, 38, 48, 55
10, 20, 12, 22, 14, 24, 32, 40, 48, 55
10, 20, 12, 22, 14, 24, 32, 40, 50, 55
10, 20, 12, 22, 14, 24, 32, 42, 34, 26, 18, 55
10, 20, 12, 22, 14, 24, 32, 42, 34, 26, 36, 55
10, 20, 12, 22, 14, 24, 32, 42, 34, 44, 36, 55
10, 20, 12, 22, 14, 24, 32, 42, 34, 44, 52, 55
10, 20, 12, 22, 14, 24, 32, 42, 34, 44, 54, 55
10, 20, 12, 22, 14, 24, 32, 42, 50, 55
10, 20, 12, 22, 14, 24, 32, 42, 52, 55
10, 20, 12, 22, 14, 24, 34, 26, 18, 55
10, 20, 12, 22, 14, 24, 34, 26, 36, 55
10, 20, 12, 22, 14, 24, 34, 42, 50, 55
10, 20, 12, 22, 14, 24, 34, 42, 52, 55
10, 20, 12, 22, 14, 24, 34, 44, 36, 55
10, 20, 12, 22, 14, 24, 34, 44, 52, 55
10, 20, 12, 22, 14, 24, 34, 44, 54, 55
10, 20, 12, 22, 30, 38, 28, 55
10, 20, 12, 22, 30, 38, 46, 55
10, 20, 12, 22, 30, 38, 48, 55
10, 20, 12, 22, 30, 40, 32, 24, 16, 26, 18, 55
10, 20, 12, 22, 30, 40, 32, 24, 16, 26, 34, 42, 50, 55
10, 20, 12, 22, 30, 40, 32, 24, 16, 26, 34, 42, 52, 55
10, 20, 12, 22, 30, 40, 32, 24, 16, 26, 34, 44, 36, 55
10, 20, 12, 22, 30, 40, 32, 24, 16, 26, 34, 44, 52, 55
10, 20, 12, 22, 30, 40, 32, 24, 16, 26, 34, 44, 54, 55
10, 20, 12, 22, 30, 40, 32, 24, 16, 26, 36, 55
10, 20, 12, 22, 30, 40, 32, 24, 34, 26, 18, 55
10, 20, 12, 22, 30, 40, 32, 24, 34, 26, 36, 55
10, 20, 12, 22, 30, 40, 32, 24, 34, 42, 50, 55
10, 20, 12, 22, 30, 40, 32, 24, 34, 42, 52, 55
10, 20, 12, 22, 30, 40, 32, 24, 34, 44, 36, 55
10, 20, 12, 22, 30, 40, 32, 24, 34, 44, 52, 55
10, 20, 12, 22, 30, 40, 32, 24, 34, 44, 54, 55
10, 20, 12, 22, 30, 40, 32, 42, 34, 26, 18, 55
10, 20, 12, 22, 30, 40, 32, 42, 34, 26, 36, 55
10, 20, 12, 22, 30, 40, 32, 42, 34, 44, 36, 55
10, 20, 12, 22, 30, 40, 32, 42, 34, 44, 52, 55
10, 20, 12, 22, 30, 40, 32, 42, 34, 44, 54, 55
10, 20, 12, 22, 30, 40, 32, 42, 50, 55
10, 20, 12, 22, 30, 40, 32, 42, 52, 55
10, 20, 12, 22, 30, 40, 48, 55
10, 20, 12, 22, 30, 40, 50, 55
10, 20, 12, 22, 32, 24, 16, 26, 18, 55
10, 20, 12, 22, 32, 24, 16, 26, 34, 42, 50, 55
10, 20, 12, 22, 32, 24, 16, 26, 34, 42, 52, 55
10, 20, 12, 22, 32, 24, 16, 26, 34, 44, 36, 55
10, 20, 12, 22, 32, 24, 16, 26, 34, 44, 52, 55
10, 20, 12, 22, 32, 24, 16, 26, 34, 44, 54, 55
10, 20, 12, 22, 32, 24, 16, 26, 36, 55
10, 20, 12, 22, 32, 24, 34, 26, 18, 55
10, 20, 12, 22, 32, 24, 34, 26, 36, 55
10, 20, 12, 22, 32, 24, 34, 42, 50, 55
10, 20, 12, 22, 32, 24, 34, 42, 52, 55
10, 20, 12, 22, 32, 24, 34, 44, 36, 55
10, 20, 12, 22, 32, 24, 34, 44, 52, 55
10, 20, 12, 22, 32, 24, 34, 44, 54, 55
10, 20, 12, 22, 32, 40, 48, 55
10, 20, 12, 22, 32, 40, 50, 55
10, 20, 12, 22, 32, 42, 34, 26, 18, 55
10, 20, 12, 22, 32, 42, 34, 26, 36, 55
10, 20, 12, 22, 32, 42, 34, 44, 36, 55
10, 20, 12, 22, 32, 42, 34, 44, 52, 55
10, 20, 12, 22, 32, 42, 34, 44, 54, 55
10, 20, 12, 22, 32, 42, 50, 55
10, 20, 12, 22, 32, 42, 52, 55
10, 20, 28, 55
10, 20, 30, 22, 14, 24, 16, 26, 18, 55
10, 20, 30, 22, 14, 24, 16, 26, 34, 42, 32, 40, 48, 55
10, 20, 30, 22, 14, 24, 16, 26, 34, 42, 32, 40, 50, 55
10, 20, 30, 22, 14, 24, 16, 26, 34, 42, 50, 55
10, 20, 30, 22, 14, 24, 16, 26, 34, 42, 52, 55
10, 20, 30, 22, 14, 24, 16, 26, 34, 44, 36, 55
10, 20, 30, 22, 14, 24, 16, 26, 34, 44, 52, 55
10, 20, 30, 22, 14, 24, 16, 26, 34, 44, 54, 55
10, 20, 30, 22, 14, 24, 16, 26, 36, 55
10, 20, 30, 22, 14, 24, 32, 40, 48, 55
10, 20, 30, 22, 14, 24, 32, 40, 50, 55
10, 20, 30, 22, 14, 24, 32, 42, 34, 26, 18, 55
10, 20, 30, 22, 14, 24, 32, 42, 34, 26, 36, 55
10, 20, 30, 22, 14, 24, 32, 42, 34, 44, 36, 55
10, 20, 30, 22, 14, 24, 32, 42, 34, 44, 52, 55
10, 20, 30, 22, 14, 24, 32, 42, 34, 44, 54, 55
10, 20, 30, 22, 14, 24, 32, 42, 50, 55
10, 20, 30, 22, 14, 24, 32, 42, 52, 55
10, 20, 30, 22, 14, 24, 34, 26, 18, 55
10, 20, 30, 22, 14, 24, 34, 26, 36, 55
10, 20, 30, 22, 14, 24, 34, 42, 50, 55
10, 20, 30, 22, 14, 24, 34, 42, 52, 55
10, 20, 30, 22, 14, 24, 34, 44, 36, 55
10, 20, 30, 22, 14, 24, 34, 44, 52, 55
10, 20, 30, 22, 14, 24, 34, 44, 54, 55
10, 20, 30, 22, 32, 24, 16, 26, 18, 55
10, 20, 30, 22, 32, 24, 16, 26, 34, 42, 50, 55
10, 20, 30, 22, 32, 24, 16, 26, 34, 42, 52, 55
10, 20, 30, 22, 32, 24, 16, 26, 34, 44, 36, 55
10, 20, 30, 22, 32, 24, 16, 26, 34, 44, 52, 55
10, 20, 30, 22, 32, 24, 16, 26, 34, 44, 54, 55
10, 20, 30, 22, 32, 24, 16, 26, 36, 55
10, 20, 30, 22, 32, 24, 34, 26, 18, 55
10, 20, 30, 22, 32, 24, 34, 26, 36, 55
10, 20, 30, 22, 32, 24, 34, 42, 50, 55
10, 20, 30, 22, 32, 24, 34, 42, 52, 55
10, 20, 30, 22, 32, 24, 34, 44, 36, 55
10, 20, 30, 22, 32, 24, 34, 44, 52, 55
10, 20, 30, 22, 32, 24, 34, 44, 54, 55
10, 20, 30, 22, 32, 40, 48, 55
10, 20, 30, 22, 32, 40, 50, 55
10, 20, 30, 22, 32, 42, 34, 26, 18, 55
10, 20, 30, 22, 32, 42, 34, 26, 36, 55
10, 20, 30, 22, 32, 42, 34, 44, 36, 55
10, 20, 30, 22, 32, 42, 34, 44, 52, 55
10, 20, 30, 22, 32, 42, 34, 44, 54, 55
10, 20, 30, 22, 32, 42, 50, 55
10, 20, 30, 22, 32, 42, 52, 55
10, 20, 30, 38, 46, 55
10, 20, 30, 38, 48, 55
10, 20, 30, 40, 32, 24, 16, 26, 18, 55
10, 20, 30, 40, 32, 24, 16, 26, 34, 42, 50, 55
10, 20, 30, 40, 32, 24, 16, 26, 34, 42, 52, 55
10, 20, 30, 40, 32, 24, 16, 26, 34, 44, 36, 55
10, 20, 30, 40, 32, 24, 16, 26, 34, 44, 52, 55
10, 20, 30, 40, 32, 24, 16, 26, 34, 44, 54, 55
10, 20, 30, 40, 32, 24, 16, 26, 36, 55
10, 20, 30, 40, 32, 24, 34, 26, 18, 55
10, 20, 30, 40, 32, 24, 34, 26, 36, 55
10, 20, 30, 40, 32, 24, 34, 42, 50, 55
10, 20, 30, 40, 32, 24, 34, 42, 52, 55
10, 20, 30, 40, 32, 24, 34, 44, 36, 55
10, 20, 30, 40, 32, 24, 34, 44, 52, 55
10, 20, 30, 40, 32, 24, 34, 44, 54, 55
10, 20, 30, 40, 32, 42, 34, 26, 18, 55
10, 20, 30, 40, 32, 42, 34, 26, 36, 55
10, 20, 30, 40, 32, 42, 34, 44, 36, 55
10, 20, 30, 40, 32, 42, 34, 44, 52, 55
10, 20, 30, 40, 32, 42, 34, 44, 54, 55
10, 20, 30, 40, 32, 42, 50, 55
10, 20, 30, 40, 32, 42, 52, 55
10, 20, 30, 40, 48, 55
10, 20, 30, 40, 50, 55
11, 19, 29, 21
12, 20, 28, 38, 30, 22
12, 20, 30, 22
13, 21, 29, 39, 31, 23
13, 21, 29, 39, 49, 41, 33, 23
13, 21, 31, 23
14, 22, 30, 38, 48, 40, 32, 24
14, 22, 30, 40, 32, 24
14, 22, 30, 40, 50, 42, 34, 24
14, 22, 32, 24
15, 23, 31, 21, 29, 39, 49, 41, 33, 25
15, 23, 31, 39, 49, 41, 33, 25
15, 23, 31, 41, 33, 25
15, 23, 31, 41, 51, 43, 35, 25
15, 23, 33, 25
16, 24, 32, 22, 30, 40, 50, 42, 34, 26
16, 24, 32, 40, 50, 42, 34, 26
16, 24, 32, 42, 34, 26
16, 24, 34, 26
17, 25, 33, 23, 31, 21, 29, 19, 55, 27
17, 25, 33, 23, 31, 21, 29, 37, 55, 27
17, 25, 33, 23, 31, 21, 29, 39, 47, 55, 27
17, 25, 33, 23, 31, 21, 29, 39, 49, 55, 27
17, 25, 33, 23, 31, 39, 29, 19, 55, 27
17, 25, 33, 23, 31, 39, 29, 37, 55, 27
17, 25, 33, 23, 31, 39, 47, 55, 27
17, 25, 33, 23, 31, 39, 49, 55, 27
17, 25, 33, 23, 31, 41, 49, 55, 27
17, 25, 33, 23, 31, 41, 51, 43, 35, 27
17, 25, 33, 23, 31, 41, 51, 55, 27
17, 25, 33, 41, 31, 21, 29, 19, 55, 27
17, 25, 33, 41, 31, 21, 29, 37, 55, 27
17, 25, 33, 41, 31, 21, 29, 39, 47, 55, 27
17, 25, 33, 41, 31, 21, 29, 39, 49, 55, 27
17, 25, 33, 41, 31, 39, 29, 19, 55, 27
17, 25, 33, 41, 31, 39, 29, 37, 55, 27
17, 25, 33, 41, 31, 39, 47, 55, 27
17, 25, 33, 41, 31, 39, 49, 55, 27
17, 25, 33, 41, 49, 55, 27
17, 25, 33, 41, 51, 43, 35, 27
17, 25, 33, 41, 51, 55, 27
17, 25, 33, 43, 35, 27
17, 25, 33, 43, 51, 55, 27
17, 25, 33, 43, 53, 55, 27
17, 25, 35, 27
18, 26, 34, 24, 32, 22, 30, 20, 28, 55
18, 26, 34, 24, 32, 22, 30, 38, 28, 55
18, 26, 34, 24, 32, 22, 30, 38, 46, 55
18, 26, 34, 24, 32, 22, 30, 38, 48, 55
18, 26, 34, 24, 32, 22, 30, 40, 48, 55
18, 26, 34, 24, 32, 22, 30, 40, 50, 55
18, 26, 34, 24, 32, 40, 30, 20, 28, 55
18, 26, 34, 24, 32, 40, 30, 38, 28, 55
18, 26, 34, 24, 32, 40, 30, 38, 46, 55
18, 26, 34, 24, 32, 40, 30, 38, 48, 55
18, 26, 34, 24, 32, 40, 48, 55
18, 26, 34, 24, 32, 40, 50, 55
18, 26, 34, 24, 32, 42, 50, 55
18, 26, 34, 24, 32, 42, 52, 55
18, 26, 34, 42, 32, 22, 30, 20, 28, 55
18, 26, 34, 42, 32, 22, 30, 38, 28, 55
18, 26, 34, 42, 32, 22, 30, 38, 46, 55
18, 26, 34, 42, 32, 22, 30, 38, 48, 55
18, 26, 34, 42, 32, 22, 30, 40, 48, 55
18, 26, 34, 42, 32, 22, 30, 40, 50, 55
18, 26, 34, 42, 32, 40, 30, 20, 28, 55
18, 26, 34, 42, 32, 40, 30, 38, 28, 55
18, 26, 34, 42, 32, 40, 30, 38, 46, 55
18, 26, 34, 42, 32, 40, 30, 38, 48, 55
18, 26, 34, 42, 32, 40, 48, 55
18, 26, 34, 42, 32, 40, 50, 55
18, 26, 34, 42, 50, 55
18, 26, 34, 42, 52, 55
18, 26, 34, 44, 36, 55
18, 26, 34, 44, 52, 55
18, 26, 34, 44, 54, 55
18, 26, 36, 55
19, 29, 21, 31, 23, 33, 25, 35, 27, 55
19, 29, 21, 31, 23, 33, 25, 35, 43, 51, 55
19, 29, 21, 31, 23, 33, 25, 35, 43, 53, 55
19, 29, 21, 31, 23, 33, 25, 35, 45, 55
19, 29, 21, 31, 23, 33, 41, 49, 55
19, 29, 21, 31, 23, 33, 41, 51, 55
19, 29, 21, 31, 23, 33, 43, 35, 27, 55
19, 29, 21, 31, 23, 33, 43, 35, 45, 55
19, 29, 21, 31, 23, 33, 43, 51, 55
19, 29, 21, 31, 23, 33, 43, 53, 55
19, 29, 21, 31, 39, 47, 55
19, 29, 21, 31, 39, 49, 55
19, 29, 21, 31, 41, 33, 25, 35, 27, 55
19, 29, 21, 31, 41, 33, 25, 35, 43, 51, 55
19, 29, 21, 31, 41, 33, 25, 35, 43, 53, 55
19, 29, 21, 31, 41, 33, 25, 35, 45, 55
19, 29, 21, 31, 41, 33, 43, 35, 27, 55
19, 29, 21, 31, 41, 33, 43, 35, 45, 55
19, 29, 21, 31, 41, 33, 43, 51, 55
19, 29, 21, 31, 41, 33, 43, 53, 55
19, 29, 21, 31, 41, 49, 55
19, 29, 21, 31, 41, 51, 55
19, 29, 37, 55
19, 29, 39, 31, 23, 33, 25, 35, 27, 55
19, 29, 39, 31, 23, 33, 25, 35, 43, 51, 55
19, 29, 39, 31, 23, 33, 25, 35, 43, 53, 55
19, 29, 39, 31, 23, 33, 25, 35, 45, 55
19, 29, 39, 31, 23, 33, 41, 49, 55
19, 29, 39, 31, 23, 33, 41, 51, 55
19, 29, 39, 31, 23, 33, 43, 35, 27, 55
19, 29, 39, 31, 23, 33, 43, 35, 45, 55
19, 29, 39, 31, 23, 33, 43, 51, 55
19, 29, 39, 31, 23, 33, 43, 53, 55
19, 29, 39, 31, 41, 33, 25, 35, 27, 55
19, 29, 39, 31, 41, 33, 25, 35, 43, 51, 55
19, 29, 39, 31, 41, 33, 25, 35, 43, 53, 55
19, 29, 39, 31, 41, 33, 25, 35, 45, 55
19, 29, 39, 31, 41, 33, 43, 35, 27, 55
19, 29, 39, 31, 41, 33, 43, 35, 45, 55
19, 29, 39, 31, 41, 33, 43, 51, 55
19, 29, 39, 31, 41, 33, 43, 53, 55
19, 29, 39, 31, 41, 49, 55
19, 29, 39, 31, 41, 51, 55
19, 29, 39, 47, 55
19, 29, 39, 49, 55
20, 28, 38, 30
21, 29, 39, 31
22, 30, 38, 48, 40, 32
22, 30, 40, 32
23, 31, 39, 49, 41, 33
23, 31, 41, 33
24, 32, 40, 50, 42, 34
24, 32, 42, 34
25, 33, 41, 51, 43, 35
25, 33, 43, 35
26, 34, 42, 32, 40, 30, 38, 28, 55, 36
26, 34, 42, 32, 40, 30, 38, 46, 55, 36
26, 34, 42, 32, 40, 30, 38, 48, 55, 36
26, 34, 42, 32, 40, 48, 55, 36
26, 34, 42, 32, 40, 50, 55, 36
26, 34, 42, 50, 55, 36
26, 34, 42, 52, 44, 36
26, 34, 42, 52, 55, 36
26, 34, 44, 36
27, 35, 43, 33, 41, 31, 39, 29, 37, 55
27, 35, 43, 33, 41, 31, 39, 47, 55
27, 35, 43, 33, 41, 31, 39, 49, 55
27, 35, 43, 33, 41, 49, 55
27, 35, 43, 33, 41, 51, 55
27, 35, 43, 51, 55
27, 35, 43, 53, 55
27, 35, 45, 55
28, 38, 30, 40, 32, 42, 34, 44, 36, 55
28, 38, 30, 40, 32, 42, 34, 44, 52, 55
28, 38, 30, 40, 32, 42, 34, 44, 54, 55
28, 38, 30, 40, 32, 42, 50, 55
28, 38, 30, 40, 32, 42, 52, 55
28, 38, 30, 40, 48, 55
28, 38, 30, 40, 50, 55
28, 38, 46, 55
28, 38, 48, 55
30, 38, 48, 40
31, 39, 49, 41
32, 40, 50, 42
33, 41, 51, 43
34, 42, 52, 44
35, 43, 51, 55, 45
35, 43, 53, 45
36, 44, 52, 55
36, 44, 54, 55
37, 47, 55
38, 46, 55, 48
39, 47, 55, 49
40, 48, 55, 50
41, 49, 55, 51
42, 50, 55, 52
43, 51, 55, 53
44, 52, 55, 54
45, 53, 55
