1, 11, 3, 46
1, 11, 19, 46
1, 11, 21, 13, 5, 46
1, 11, 21, 13, 23, 15, 7, 46
1, 11, 21, 13, 23, 15, 25, 17, 9, 46
1, 11, 21, 13, 23, 15, 25, 17, 27, 46
1, 11, 21, 13, 23, 15, 25, 33, 41, 46
1, 11, 21, 13, 23, 15, 25, 33, 43, 46
1, 11, 21, 13, 23, 15, 25, 35, 27, 46
1, 11, 21, 13, 23, 15, 25, 35, 43, 46
1, 11, 21, 13, 23, 15, 25, 35, 45, 46
1, 11, 21, 13, 23, 31, 39, 46
1, 11, 21, 13, 23, 31, 41, 46
1, 11, 21, 13, 23, 33, 25, 17, 7, 46
1, 11, 21, 13, 23, 33, 25, 17, 9, 46
1, 11, 21, 13, 23, 33, 25, 17, 27, 46
1, 11, 21, 13, 23, 33, 25, 35, 27, 46
1, 11, 21, 13, 23, 33, 25, 35, 43, 46
1, 11, 21, 13, 23, 33, 25, 35, 45, 46
1, 11, 21, 13, 23, 33, 41, 46
1, 11, 21, 13, 23, 33, 43, 46
1, 11, 21, 29, 37, 46
1, 11, 21, 29, 39, 46
1, 11, 21, 31, 23, 15, 5, 46
1, 11, 21, 31, 23, 15, 7, 46
1, 11, 21, 31, 23, 15, 25, 17, 9, 46
1, 11, 21, 31, 23, 15, 25, 17, 27, 46
1, 11, 21, 31, 23, 15, 25, 33, 41, 46
1, 11, 21, 31, 23, 15, 25, 33, 43, 46
1, 11, 21, 31, 23, 15, 25, 35, 27, 46
1, 11, 21, 31, 23, 15, 25, 35, 43, 46
1, 11, 21, 31, 23, 15, 25, 35, 45, 46
1, 11, 21, 31, 23, 33, 25, 17, 7, 46
1, 11, 21, 31, 23, 33, 25, 17, 9, 46
1, 11, 21, 31, 23, 33, 25, 17, 27, 46
1, 11, 21, 31, 23, 33, 25, 35, 27, 46
1, 11, 21, 31, 23, 33, 25, 35, 43, 46
1, 11, 21, 31, 23, 33, 25, 35, 45, 46
1, 11, 21, 31, 23, 33, 41, 46
1, 11, 21, 31, 23, 33, 43, 46
1, 11, 21, 31, 39, 46
1, 11, 21, 31, 41, 46
2, 10, 46
2, 12, 4, 46
2, 12, 20, 28, 46
2, 12, 20, 30, 22, 14, 6, 46
2, 12, 20, 30, 22, 14, 24, 16, 8, 46
2, 12, 20, 30, 22, 14, 24, 16, 26, 18, 46
2, 12, 20, 30, 22, 14, 24, 16, 26, 34, 42, 46
2, 12, 20, 30, 22, 14, 24, 16, 26, 34, 44, 46
2, 12, 20, 30, 22, 14, 24, 16, 26, 36, 46
2, 12, 20, 30, 22, 14, 24, 32, 40, 46
2, 12, 20, 30, 22, 14, 24, 32, 42, 46
2, 12, 20, 30, 22, 14, 24, 34, 26, 18, 46
2, 12, 20, 30, 22, 14, 24, 34, 26, 36, 46
2, 12, 20, 30, 22, 14, 24, 34, 42, 46
2, 12, 20, 30, 22, 14, 24, 34, 44, 46
2, 12, 20, 30, 22, 32, 24, 16, 6, 46
2, 12, 20, 30, 22, 32, 24, 16, 8, 46
2, 12, 20, 30, 22, 32, 24, 16, 26, 18, 46
2, 12, 20, 30, 22, 32, 24, 16, 26, 34, 42, 46
2, 12, 20, 30, 22, 32, 24, 16, 26, 34, 44, 46
2, 12, 20, 30, 22, 32, 24, 16, 26, 36, 46
2, 12, 20, 30, 22, 32, 24, 34, 26, 18, 46
2, 12, 20, 30, 22, 32, 24, 34, 26, 36, 46
2, 12, 20, 30, 22, 32, 24, 34, 42, 46
2, 12, 20, 30, 22, 32, 24, 34, 44, 46
2, 12, 20, 30, 22, 32, 40, 46
2, 12, 20, 30, 22, 32, 42, 46
2, 12, 20, 30, 38, 46
2, 12, 20, 30, 40, 46
2, 12, 22, 14, 6, 46
2, 12, 22, 14, 24, 16, 8, 46
2, 12, 22, 14, 24, 16, 26, 18, 46
2, 12, 22, 14, 24, 16, 26, 34, 42, 46
2, 12, 22, 14, 24, 16, 26, 34, 44, 46
2, 12, 22, 14, 24, 16, 26, 36, 46
2, 12, 22, 14, 24, 32, 40, 46
2, 12, 22, 14, 24, 32, 42, 46
2, 12, 22, 14, 24, 34, 26, 18, 46
2, 12, 22, 14, 24, 34, 26, 36, 46
2, 12, 22, 14, 24, 34, 42, 46
2, 12, 22, 14, 24, 34, 44, 46
2, 12, 22, 30, 38, 46
2, 12, 22, 30, 40, 46
2, 12, 22, 32, 24, 16, 6, 46
2, 12, 22, 32, 24, 16, 8, 46
2, 12, 22, 32, 24, 16, 26, 18, 46
2, 12, 22, 32, 24, 16, 26, 34, 42, 46
2, 12, 22, 32, 24, 16, 26, 34, 44, 46
2, 12, 22, 32, 24, 16, 26, 36, 46
2, 12, 22, 32, 24, 34, 26, 18, 46
2, 12, 22, 32, 24, 34, 26, 36, 46
2, 12, 22, 32, 24, 34, 42, 46
2, 12, 22, 32, 24, 34, 44, 46
2, 12, 22, 32, 40, 46
2, 12, 22, 32, 42, 46
3, 11, 19, 46
3, 11, 21, 13
3, 11, 21, 13, 5, 46
3, 11, 21, 13, 23, 15, 7, 46
3, 11, 21, 13, 23, 15, 25, 17, 9, 46
3, 11, 21, 13, 23, 15, 25, 17, 27, 46
3, 11, 21, 13, 23, 15, 25, 33, 41, 46
3, 11, 21, 13, 23, 15, 25, 33, 43, 46
3, 11, 21, 13, 23, 15, 25, 35, 27, 46
3, 11, 21, 13, 23, 15, 25, 35, 43, 46
3, 11, 21, 13, 23, 15, 25, 35, 45, 46
3, 11, 21, 13, 23, 31, 39, 46
3, 11, 21, 13, 23, 31, 41, 46
3, 11, 21, 13, 23, 33, 25, 17, 7, 46
3, 11, 21, 13, 23, 33, 25, 17, 9, 46
3, 11, 21, 13, 23, 33, 25, 17, 27, 46
3, 11, 21, 13, 23, 33, 25, 35, 27, 46
3, 11, 21, 13, 23, 33, 25, 35, 43, 46
3, 11, 21, 13, 23, 33, 25, 35, 45, 46
3, 11, 21, 13, 23, 33, 41, 46
3, 11, 21, 13, 23, 33, 43, 46
3, 11, 21, 29, 37, 46
3, 11, 21, 29, 39, 46
3, 11, 21, 31, 23, 15, 5, 46
3, 11, 21, 31, 23, 15, 7, 46
3, 11, 21, 31, 23, 15, 25, 17, 9, 46
3, 11, 21, 31, 23, 15, 25, 17, 27, 46
3, 11, 21, 31, 23, 15, 25, 33, 41, 46
3, 11, 21, 31, 23, 15, 25, 33, 43, 46
3, 11, 21, 31, 23, 15, 25, 35, 27, 46
3, 11, 21, 31, 23, 15, 25, 35, 43, 46
3, 11, 21, 31, 23, 15, 25, 35, 45, 46
3, 11, 21, 31, 23, 33, 25, 17, 7, 46
3, 11, 21, 31, 23, 33, 25, 17, 9, 46
3, 11, 21, 31, 23, 33, 25, 17, 27, 46
3, 11, 21, 31, 23, 33, 25, 35, 27, 46
3, 11, 21, 31, 23, 33, 25, 35, 43, 46
3, 11, 21, 31, 23, 33, 25, 35, 45, 46
3, 11, 21, 31, 23, 33, 41, 46
3, 11, 21, 31, 23, 33, 43, 46
3, 11, 21, 31, 39, 46
3, 11, 21, 31, 41, 46
3, 13, 5, 46
3, 13, 21, 29, 19, 46
3, 13, 21, 29, 37, 46
3, 13, 21, 29, 39, 46
3, 13, 21, 31, 23, 15, 7, 46
3, 13, 21, 31, 23, 15, 25, 17, 9, 46
3, 13, 21, 31, 23, 15, 25, 17, 27, 46
3, 13, 21, 31, 23, 15, 25, 33, 41, 46
3, 13, 21, 31, 23, 15, 25, 33, 43, 46
3, 13, 21, 31, 23, 15, 25, 35, 27, 46
3, 13, 21, 31, 23, 15, 25, 35, 43, 46
3, 13, 21, 31, 23, 15, 25, 35, 45, 46
3, 13, 21, 31, 23, 33, 25, 17, 7, 46
3, 13, 21, 31, 23, 33, 25, 17, 9, 46
3, 13, 21, 31, 23, 33, 25, 17, 27, 46
3, 13, 21, 31, 23, 33, 25, 35, 27, 46
3, 13, 21, 31, 23, 33, 25, 35, 43, 46
3, 13, 21, 31, 23, 33, 25, 35, 45, 46
3, 13, 21, 31, 23, 33, 41, 46
3, 13, 21, 31, 23, 33, 43, 46
3, 13, 21, 31, 39, 46
3, 13, 21, 31, 41, 46
3, 13, 23, 15, 7, 46
3, 13, 23, 15, 25, 17, 9, 46
3, 13, 23, 15, 25, 17, 27, 46
3, 13, 23, 15, 25, 33, 41, 46
3, 13, 23, 15, 25, 33, 43, 46
3, 13, 23, 15, 25, 35, 27, 46
3, 13, 23, 15, 25, 35, 43, 46
3, 13, 23, 15, 25, 35, 45, 46
3, 13, 23, 31, 39, 46
3, 13, 23, 31, 41, 46
3, 13, 23, 33, 25, 17, 7, 46
3, 13, 23, 33, 25, 17, 9, 46
3, 13, 23, 33, 25, 17, 27, 46
3, 13, 23, 33, 25, 35, 27, 46
3, 13, 23, 33, 25, 35, 43, 46
3, 13, 23, 33, 25, 35, 45, 46
3, 13, 23, 33, 41, 46
3, 13, 23, 33, 43, 46
4, 12, 20, 10, 46
4, 12, 20, 28, 46
4, 12, 20, 30, 22, 14
4, 12, 20, 30, 22, 14, 6, 46
4, 12, 20, 30, 22, 14, 24, 16, 8, 46
4, 12, 20, 30, 22, 14, 24, 16, 26, 18, 46
4, 12, 20, 30, 22, 14, 24, 16, 26, 34, 42, 46
4, 12, 20, 30, 22, 14, 24, 16, 26, 34, 44, 46
4, 12, 20, 30, 22, 14, 24, 16, 26, 36, 46
4, 12, 20, 30, 22, 14, 24, 32, 40, 46
4, 12, 20, 30, 22, 14, 24, 32, 42, 46
4, 12, 20, 30, 22, 14, 24, 34, 26, 18, 46
4, 12, 20, 30, 22, 14, 24, 34, 26, 36, 46
4, 12, 20, 30, 22, 14, 24, 34, 42, 46
4, 12, 20, 30, 22, 14, 24, 34, 44, 46
4, 12, 20, 30, 22, 32, 24, 16, 6, 46
4, 12, 20, 30, 22, 32, 24, 16, 8, 46
4, 12, 20, 30, 22, 32, 24, 16, 26, 18, 46
4, 12, 20, 30, 22, 32, 24, 16, 26, 34, 42, 46
4, 12, 20, 30, 22, 32, 24, 16, 26, 34, 44, 46
4, 12, 20, 30, 22, 32, 24, 16, 26, 36, 46
4, 12, 20, 30, 22, 32, 24, 34, 26, 18, 46
4, 12, 20, 30, 22, 32, 24, 34, 26, 36, 46
4, 12, 20, 30, 22, 32, 24, 34, 42, 46
4, 12, 20, 30, 22, 32, 24, 34, 44, 46
4, 12, 20, 30, 22, 32, 40, 46
4, 12, 20, 30, 22, 32, 42, 46
4, 12, 20, 30, 38, 46
4, 12, 20, 30, 40, 46
4, 12, 22, 14
4, 12, 22, 14, 6, 46
4, 12, 22, 14, 24, 16, 8, 46
4, 12, 22, 14, 24, 16, 26, 18, 46
4, 12, 22, 14, 24, 16, 26, 34, 42, 46
4, 12, 22, 14, 24, 16, 26, 34, 44, 46
4, 12, 22, 14, 24, 16, 26, 36, 46
4, 12, 22, 14, 24, 32, 40, 46
4, 12, 22, 14, 24, 32, 42, 46
4, 12, 22, 14, 24, 34, 26, 18, 46
4, 12, 22, 14, 24, 34, 26, 36, 46
4, 12, 22, 14, 24, 34, 42, 46
4, 12, 22, 14, 24, 34, 44, 46
4, 12, 22, 30, 38, 46
4, 12, 22, 30, 40, 46
4, 12, 22, 32, 24, 16, 6, 46
4, 12, 22, 32, 24, 16, 8, 46
4, 12, 22, 32, 24, 16, 26, 18, 46
4, 12, 22, 32, 24, 16, 26, 34, 42, 46
4, 12, 22, 32, 24, 16, 26, 34, 44, 46
4, 12, 22, 32, 24, 16, 26, 36, 46
4, 12, 22, 32, 24, 34, 26, 18, 46
4, 12, 22, 32, 24, 34, 26, 36, 46
4, 12, 22, 32, 24, 34, 42, 46
4, 12, 22, 32, 24, 34, 44, 46
4, 12, 22, 32, 40, 46
4, 12, 22, 32, 42, 46
4, 14, 6, 46
4, 14, 22, 30, 20, 10, 46
4, 14, 22, 30, 20, 28, 46
4, 14, 22, 30, 38, 46
4, 14, 22, 30, 40, 46
4, 14, 22, 32, 24, 16, 8, 46
4, 14, 22, 32, 24, 16, 26, 18, 46
4, 14, 22, 32, 24, 16, 26, 34, 42, 46
4, 14, 22, 32, 24, 16, 26, 34, 44, 46
4, 14, 22, 32, 24, 16, 26, 36, 46
4, 14, 22, 32, 24, 34, 26, 18, 46
4, 14, 22, 32, 24, 34, 26, 36, 46
4, 14, 22, 32, 24, 34, 42, 46
4, 14, 22, 32, 24, 34, 44, 46
4, 14, 22, 32, 40, 46
4, 14, 22, 32, 42, 46
4, 14, 24, 16, 8, 46
4, 14, 24, 16, 26, 18, 46
4, 14, 24, 16, 26, 34, 42, 46
4, 14, 24, 16, 26, 34, 44, 46
4, 14, 24, 16, 26, 36, 46
4, 14, 24, 32, 40, 46
4, 14, 24, 32, 42, 46
4, 14, 24, 34, 26, 18, 46
4, 14, 24, 34, 26, 36, 46
4, 14, 24, 34, 42, 46
4, 14, 24, 34, 44, 46
5, 13, 21, 11, 19, 46
5, 13, 21, 29, 19, 46
5, 13, 21, 29, 37, 46
5, 13, 21, 29, 39, 46
5, 13, 21, 31, 23, 15
5, 13, 21, 31, 23, 15, 7, 46
5, 13, 21, 31, 23, 15, 25, 17, 9, 46
5, 13, 21, 31, 23, 15, 25, 17, 27, 46
5, 13, 21, 31, 23, 15, 25, 33, 41, 46
5, 13, 21, 31, 23, 15, 25, 33, 43, 46
5, 13, 21, 31, 23, 15, 25, 35, 27, 46
5, 13, 21, 31, 23, 15, 25, 35, 43, 46
5, 13, 21, 31, 23, 15, 25, 35, 45, 46
5, 13, 21, 31, 23, 33, 25, 17, 7, 46
5, 13, 21, 31, 23, 33, 25, 17, 9, 46
5, 13, 21, 31, 23, 33, 25, 17, 27, 46
5, 13, 21, 31, 23, 33, 25, 35, 27, 46
5, 13, 21, 31, 23, 33, 25, 35, 43, 46
5, 13, 21, 31, 23, 33, 25, 35, 45, 46
5, 13, 21, 31, 23, 33, 41, 46
5, 13, 21, 31, 23, 33, 43, 46
5, 13, 21, 31, 39, 46
5, 13, 21, 31, 41, 46
5, 13, 23, 15
5, 13, 23, 15, 7, 46
5, 13, 23, 15, 25, 17, 9, 46
5, 13, 23, 15, 25, 17, 27, 46
5, 13, 23, 15, 25, 33, 41, 46
5, 13, 23, 15, 25, 33, 43, 46
5, 13, 23, 15, 25, 35, 27, 46
5, 13, 23, 15, 25, 35, 43, 46
5, 13, 23, 15, 25, 35, 45, 46
5, 13, 23, 31, 39, 46
5, 13, 23, 31, 41, 46
5, 13, 23, 33, 25, 17, 7, 46
5, 13, 23, 33, 25, 17, 9, 46
5, 13, 23, 33, 25, 17, 27, 46
5, 13, 23, 33, 25, 35, 27, 46
5, 13, 23, 33, 25, 35, 43, 46
5, 13, 23, 33, 25, 35, 45, 46
5, 13, 23, 33, 41, 46
5, 13, 23, 33, 43, 46
5, 15, 7, 46
5, 15, 23, 31, 21, 11, 19, 46
5, 15, 23, 31, 21, 29, 19, 46
5, 15, 23, 31, 21, 29, 37, 46
5, 15, 23, 31, 21, 29, 39, 46
5, 15, 23, 31, 39, 46
5, 15, 23, 31, 41, 46
5, 15, 23, 33, 25, 17, 9, 46
5, 15, 23, 33, 25, 17, 27, 46
5, 15, 23, 33, 25, 35, 27, 46
5, 15, 23, 33, 25, 35, 43, 46
5, 15, 23, 33, 25, 35, 45, 46
5, 15, 23, 33, 41, 46
5, 15, 23, 33, 43, 46
5, 15, 25, 17, 9, 46
5, 15, 25, 17, 27, 46
5, 15, 25, 33, 41, 46
5, 15, 25, 33, 43, 46
5, 15, 25, 35, 27, 46
5, 15, 25, 35, 43, 46
5, 15, 25, 35, 45, 46
6, 14, 22, 12, 20, 10, 46
6, 14, 22, 12, 20, 28, 46
6, 14, 22, 12, 20, 30, 38, 46
6, 14, 22, 12, 20, 30, 40, 46
6, 14, 22, 30, 20, 10, 46
6, 14, 22, 30, 20, 28, 46
6, 14, 22, 30, 38, 46
6, 14, 22, 30, 40, 46
6, 14, 22, 32, 24, 16
6, 14, 22, 32, 24, 16, 8, 46
6, 14, 22, 32, 24, 16, 26, 18, 46
6, 14, 22, 32, 24, 16, 26, 34, 42, 46
6, 14, 22, 32, 24, 16, 26, 34, 44, 46
6, 14, 22, 32, 24, 16, 26, 36, 46
6, 14, 22, 32, 24, 34, 26, 18, 46
6, 14, 22, 32, 24, 34, 26, 36, 46
6, 14, 22, 32, 24, 34, 42, 46
6, 14, 22, 32, 24, 34, 44, 46
6, 14, 22, 32, 40, 46
6, 14, 22, 32, 42, 46
6, 14, 24, 16
6, 14, 24, 16, 8, 46
6, 14, 24, 16, 26, 18, 46
6, 14, 24, 16, 26, 34, 42, 46
6, 14, 24, 16, 26, 34, 44, 46
6, 14, 24, 16, 26, 36, 46
6, 14, 24, 32, 40, 46
6, 14, 24, 32, 42, 46
6, 14, 24, 34, 26, 18, 46
6, 14, 24, 34, 26, 36, 46
6, 14, 24, 34, 42, 46
6, 14, 24, 34, 44, 46
6, 16, 8, 46
6, 16, 24, 32, 22, 12, 20, 10, 46
6, 16, 24, 32, 22, 12, 20, 28, 46
6, 16, 24, 32, 22, 12, 20, 30, 38, 46
6, 16, 24, 32, 22, 12, 20, 30, 40, 46
6, 16, 24, 32, 22, 30, 20, 10, 46
6, 16, 24, 32, 22, 30, 20, 28, 46
6, 16, 24, 32, 22, 30, 38, 46
6, 16, 24, 32, 22, 30, 40, 46
6, 16, 24, 32, 40, 46
6, 16, 24, 32, 42, 46
6, 16, 24, 34, 26, 18, 46
6, 16, 24, 34, 26, 36, 46
6, 16, 24, 34, 42, 46
6, 16, 24, 34, 44, 46
6, 16, 26, 18, 46
6, 16, 26, 34, 42, 46
6, 16, 26, 34, 44, 46
6, 16, 26, 36, 46
7, 15, 23, 13, 21, 11, 19, 46
7, 15, 23, 13, 21, 29, 19, 46
7, 15, 23, 13, 21, 29, 37, 46
7, 15, 23, 13, 21, 29, 39, 46
7, 15, 23, 13, 21, 31, 39, 46
7, 15, 23, 13, 21, 31, 41, 46
7, 15, 23, 31, 21, 11, 19, 46
7, 15, 23, 31, 21, 29, 19, 46
7, 15, 23, 31, 21, 29, 37, 46
7, 15, 23, 31, 21, 29, 39, 46
7, 15, 23, 31, 39, 46
7, 15, 23, 31, 41, 46
7, 15, 23, 33, 25, 17
7, 15, 23, 33, 25, 17, 9, 46
7, 15, 23, 33, 25, 17, 27, 46
7, 15, 23, 33, 25, 35, 27, 46
7, 15, 23, 33, 25, 35, 43, 46
7, 15, 23, 33, 25, 35, 45, 46
7, 15, 23, 33, 41, 46
7, 15, 23, 33, 43, 46
7, 15, 25, 17
7, 15, 25, 17, 9, 46
7, 15, 25, 17, 27, 46
7, 15, 25, 33, 41, 46
7, 15, 25, 33, 43, 46
7, 15, 25, 35, 27, 46
7, 15, 25, 35, 43, 46
7, 15, 25, 35, 45, 46
7, 17, 9, 46
7, 17, 25, 33, 23, 13, 21, 11, 19, 46
7, 17, 25, 33, 23, 13, 21, 29, 19, 46
7, 17, 25, 33, 23, 13, 21, 29, 37, 46
7, 17, 25, 33, 23, 13, 21, 29, 39, 46
7, 17, 25, 33, 23, 13, 21, 31, 39, 46
7, 17, 25, 33, 23, 13, 21, 31, 41, 46
7, 17, 25, 33, 23, 31, 21, 11, 19, 46
7, 17, 25, 33, 23, 31, 21, 29, 19, 46
7, 17, 25, 33, 23, 31, 21, 29, 37, 46
7, 17, 25, 33, 23, 31, 21, 29, 39, 46
7, 17, 25, 33, 23, 31, 39, 46
7, 17, 25, 33, 23, 31, 41, 46
7, 17, 25, 33, 41, 46
7, 17, 25, 33, 43, 46
7, 17, 25, 35, 27, 46
7, 17, 25, 35, 43, 46
7, 17, 25, 35, 45, 46
7, 17, 27, 46
8, 16, 24, 14, 22, 12, 20, 10, 46
8, 16, 24, 14, 22, 12, 20, 28, 46
8, 16, 24, 14, 22, 12, 20, 30, 38, 46
8, 16, 24, 14, 22, 12, 20, 30, 40, 46
8, 16, 24, 14, 22, 30, 20, 10, 46
8, 16, 24, 14, 22, 30, 20, 28, 46
8, 16, 24, 14, 22, 30, 38, 46
8, 16, 24, 14, 22, 30, 40, 46
8, 16, 24, 14, 22, 32, 40, 46
8, 16, 24, 14, 22, 32, 42, 46
8, 16, 24, 32, 22, 12, 20, 10, 46
8, 16, 24, 32, 22, 12, 20, 28, 46
8, 16, 24, 32, 22, 12, 20, 30, 38, 46
8, 16, 24, 32, 22, 12, 20, 30, 40, 46
8, 16, 24, 32, 22, 30, 20, 10, 46
8, 16, 24, 32, 22, 30, 20, 28, 46
8, 16, 24, 32, 22, 30, 38, 46
8, 16, 24, 32, 22, 30, 40, 46
8, 16, 24, 32, 40, 46
8, 16, 24, 32, 42, 46
8, 16, 24, 34, 26, 18
8, 16, 24, 34, 26, 18, 46
8, 16, 24, 34, 26, 36, 46
8, 16, 24, 34, 42, 46
8, 16, 24, 34, 44, 46
8, 16, 26, 18
8, 16, 26, 18, 46
8, 16, 26, 34, 42, 46
8, 16, 26, 34, 44, 46
8, 16, 26, 36, 46
8, 18, 46
9, 17, 25, 15, 23, 13, 21, 11, 19, 46
9, 17, 25, 15, 23, 13, 21, 29, 19, 46
9, 17, 25, 15, 23, 13, 21, 29, 37, 46
9, 17, 25, 15, 23, 13, 21, 29, 39, 46
9, 17, 25, 15, 23, 13, 21, 31, 39, 46
9, 17, 25, 15, 23, 13, 21, 31, 41, 46
9, 17, 25, 15, 23, 31, 21, 11, 19, 46
9, 17, 25, 15, 23, 31, 21, 29, 19, 46
9, 17, 25, 15, 23, 31, 21, 29, 37, 46
9, 17, 25, 15, 23, 31, 21, 29, 39, 46
9, 17, 25, 15, 23, 31, 39, 46
9, 17, 25, 15, 23, 31, 41, 46
9, 17, 25, 15, 23, 33, 41, 46
9, 17, 25, 15, 23, 33, 43, 46
9, 17, 25, 33, 23, 13, 21, 11, 19, 46
9, 17, 25, 33, 23, 13, 21, 29, 19, 46
9, 17, 25, 33, 23, 13, 21, 29, 37, 46
9, 17, 25, 33, 23, 13, 21, 29, 39, 46
9, 17, 25, 33, 23, 13, 21, 31, 39, 46
9, 17, 25, 33, 23, 13, 21, 31, 41, 46
9, 17, 25, 33, 23, 31, 21, 11, 19, 46
9, 17, 25, 33, 23, 31, 21, 29, 19, 46
9, 17, 25, 33, 23, 31, 21, 29, 37, 46
9, 17, 25, 33, 23, 31, 21, 29, 39, 46
9, 17, 25, 33, 23, 31, 39, 46
9, 17, 25, 33, 23, 31, 41, 46
9, 17, 25, 33, 41, 46
9, 17, 25, 33, 43, 46
9, 17, 25, 35, 27, 46
9, 17, 25, 35, 43, 46
9, 17, 25, 35, 45, 46
9, 17, 27, 46
10, 20, 12, 22, 14, 24, 16, 26, 18, 46
10, 20, 12, 22, 14, 24, 16, 26, 34, 42, 46
10, 20, 12, 22, 14, 24, 16, 26, 34, 44, 46
10, 20, 12, 22, 14, 24, 16, 26, 36, 46
10, 20, 12, 22, 14, 24, 32, 40, 46
10, 20, 12, 22, 14, 24, 32, 42, 46
10, 20, 12, 22, 14, 24, 34, 26, 18, 46
10, 20, 12, 22, 14, 24, 34, 26, 36, 46
10, 20, 12, 22, 14, 24, 34, 42, 46
10, 20, 12, 22, 14, 24, 34, 44, 46
10, 20, 12, 22, 30, 38, 46
10, 20, 12, 22, 30, 40, 46
10, 20, 12, 22, 32, 24, 16, 26, 18, 46
10, 20, 12, 22, 32, 24, 16, 26, 34, 42, 46
10, 20, 12, 22, 32, 24, 16, 26, 34, 44, 46
10, 20, 12, 22, 32, 24, 16, 26, 36, 46
10, 20, 12, 22, 32, 24, 34, 26, 18, 46
10, 20, 12, 22, 32, 24, 34, 26, 36, 46
10, 20, 12, 22, 32, 24, 34, 42, 46
10, 20, 12, 22, 32, 24, 34, 44, 46
10, 20, 12, 22, 32, 40, 46
10, 20, 12, 22, 32, 42, 46
10, 20, 28, 46
10, 20, 30, 22, 14, 24, 16, 26, 18, 46
10, 20, 30, 22, 14, 24, 16, 26, 34, 42, 46
10, 20, 30, 22, 14, 24, 16, 26, 34, 44, 46
10, 20, 30, 22, 14, 24, 16, 26, 36, 46
10, 20, 30, 22, 14, 24, 32, 40, 46
10, 20, 30, 22, 14, 24, 32, 42, 46
10, 20, 30, 22, 14, 24, 34, 26, 18, 46
10, 20, 30, 22, 14, 24, 34, 26, 36, 46
10, 20, 30, 22, 14, 24, 34, 42, 46
10, 20, 30, 22, 14, 24, 34, 44, 46
10, 20, 30, 22, 32, 24, 16, 26, 18, 46
10, 20, 30, 22, 32, 24, 16, 26, 34, 42, 46
10, 20, 30, 22, 32, 24, 16, 26, 34, 44, 46
10, 20, 30, 22, 32, 24, 16, 26, 36, 46
10, 20, 30, 22, 32, 24, 34, 26, 18, 46
10, 20, 30, 22, 32, 24, 34, 26, 36, 46
10, 20, 30, 22, 32, 24, 34, 42, 46
10, 20, 30, 22, 32, 24, 34, 44, 46
10, 20, 30, 22, 32, 40, 46
10, 20, 30, 22, 32, 42, 46
10, 20, 30, 38, 46
10, 20, 30, 40, 46
11, 19, 29, 21
12, 20, 30, 22
13, 21, 29, 39, 31, 23
13, 21, 31, 23
14, 22, 30, 40, 32, 24
14, 22, 32, 24
15, 23, 31, 41, 33, 25
15, 23, 33, 25
16, 24, 32, 42, 34, 26
16, 24, 34, 26
17, 25, 33, 23, 31, 21, 29, 19, 46, 27
17, 25, 33, 23, 31, 21, 29, 37, 46, 27
17, 25, 33, 23, 31, 21, 29, 39, 46, 27
17, 25, 33, 23, 31, 39, 46, 27
17, 25, 33, 23, 31, 41, 46, 27
17, 25, 33, 41, 46, 27
17, 25, 33, 43, 35, 27
17, 25, 33, 43, 46, 27
17, 25, 35, 27
18, 26, 34, 24, 32, 22, 30, 20, 28, 46
18, 26, 34, 24, 32, 22, 30, 38, 46
18, 26, 34, 24, 32, 22, 30, 40, 46
18, 26, 34, 24, 32, 40, 46
18, 26, 34, 24, 32, 42, 46
18, 26, 34, 42, 46
18, 26, 34, 44, 46
18, 26, 36, 46
19, 29, 21, 31, 23, 33, 25, 35, 27, 46
19, 29, 21, 31, 23, 33, 25, 35, 43, 46
19, 29, 21, 31, 23, 33, 25, 35, 45, 46
19, 29, 21, 31, 23, 33, 41, 46
19, 29, 21, 31, 23, 33, 43, 46
19, 29, 21, 31, 39, 46
19, 29, 21, 31, 41, 46
19, 29, 37, 46
19, 29, 39, 46
21, 29, 39, 31
22, 30, 40, 32
23, 31, 41, 33
24, 32, 42, 34
25, 33, 43, 35
26, 34, 42, 46, 36
26, 34, 44, 36
27, 35, 43, 46
27, 35, 45, 46
28, 38, 46
29, 37, 46, 39
30, 38, 46, 40
31, 39, 46, 41
32, 40, 46, 42
33, 41, 46, 43
34, 42, 46, 44
35, 43, 46, 45
36, 44, 46
