1, 7, 3, 51
1, 7, 11, 51
1, 7, 13, 9, 5, 51
1, 7, 13, 9, 15, 51
1, 7, 13, 17, 21, 51
1, 7, 13, 17, 23, 19, 15, 51
1, 7, 13, 17, 23, 19, 25, 51
1, 7, 13, 17, 23, 27, 31, 51
1, 7, 13, 17, 23, 27, 33, 29, 25, 51
1, 7, 13, 17, 23, 27, 33, 29, 35, 51
1, 7, 13, 17, 23, 27, 33, 37, 41, 51
1, 7, 13, 17, 23, 27, 33, 37, 43, 39, 35, 51
1, 7, 13, 17, 23, 27, 33, 37, 43, 39, 45, 51
1, 7, 13, 17, 23, 27, 33, 37, 43, 47, 51
1, 7, 13, 17, 23, 27, 33, 37, 43, 49, 51
1, 7, 13, 17, 23, 27, 33, 39, 35, 51
1, 7, 13, 17, 23, 27, 33, 39, 43, 47, 51
1, 7, 13, 17, 23, 27, 33, 39, 43, 49, 51
1, 7, 13, 17, 23, 27, 33, 39, 45, 51
1, 7, 13, 17, 23, 29, 25, 51
1, 7, 13, 17, 23, 29, 33, 37, 31, 51
1, 7, 13, 17, 23, 29, 33, 37, 41, 51
1, 7, 13, 17, 23, 29, 33, 37, 43, 39, 35, 51
1, 7, 13, 17, 23, 29, 33, 37, 43, 39, 45, 51
1, 7, 13, 17, 23, 29, 33, 37, 43, 47, 51
1, 7, 13, 17, 23, 29, 33, 37, 43, 49, 51
1, 7, 13, 17, 23, 29, 33, 39, 35, 51
1, 7, 13, 17, 23, 29, 33, 39, 43, 47, 51
1, 7, 13, 17, 23, 29, 33, 39, 43, 49, 51
1, 7, 13, 17, 23, 29, 33, 39, 45, 51
1, 7, 13, 17, 23, 29, 35, 51
1, 7, 13, 19, 15, 51
1, 7, 13, 19, 23, 27, 21, 51
1, 7, 13, 19, 23, 27, 31, 51
1, 7, 13, 19, 23, 27, 33, 29, 25, 51
1, 7, 13, 19, 23, 27, 33, 29, 35, 51
1, 7, 13, 19, 23, 27, 33, 37, 41, 51
1, 7, 13, 19, 23, 27, 33, 37, 43, 39, 35, 51
1, 7, 13, 19, 23, 27, 33, 37, 43, 39, 45, 51
1, 7, 13, 19, 23, 27, 33, 37, 43, 47, 51
1, 7, 13, 19, 23, 27, 33, 37, 43, 49, 51
1, 7, 13, 19, 23, 27, 33, 39, 35, 51
1, 7, 13, 19, 23, 27, 33, 39, 43, 47, 51
1, 7, 13, 19, 23, 27, 33, 39, 43, 49, 51
1, 7, 13, 19, 23, 27, 33, 39, 45, 51
1, 7, 13, 19, 23, 29, 25, 51
1, 7, 13, 19, 23, 29, 33, 37, 31, 51
1, 7, 13, 19, 23, 29, 33, 37, 41, 51
1, 7, 13, 19, 23, 29, 33, 37, 43, 39, 35, 51
1, 7, 13, 19, 23, 29, 33, 37, 43, 39, 45, 51
1, 7, 13, 19, 23, 29, 33, 37, 43, 47, 51
1, 7, 13, 19, 23, 29, 33, 37, 43, 49, 51
1, 7, 13, 19, 23, 29, 33, 39, 35, 51
1, 7, 13, 19, 23, 29, 33, 39, 43, 47, 51
1, 7, 13, 19, 23, 29, 33, 39, 43, 49, 51
1, 7, 13, 19, 23, 29, 33, 39, 45, 51
1, 7, 13, 19, 23, 29, 35, 51
1, 7, 13, 19, 25, 51
2, 6, 51
2, 8, 4, 51
2, 8, 12, 16, 51
2, 8, 12, 18, 14, 10, 51
2, 8, 12, 18, 14, 20, 51
2, 8, 12, 18, 22, 26, 51
2, 8, 12, 18, 22, 28, 24, 20, 51
2, 8, 12, 18, 22, 28, 24, 30, 51
2, 8, 12, 18, 22, 28, 32, 36, 51
2, 8, 12, 18, 22, 28, 32, 38, 34, 30, 51
2, 8, 12, 18, 22, 28, 32, 38, 34, 40, 51
2, 8, 12, 18, 22, 28, 32, 38, 42, 46, 51
2, 8, 12, 18, 22, 28, 32, 38, 42, 48, 51
2, 8, 12, 18, 22, 28, 32, 38, 44, 40, 51
2, 8, 12, 18, 22, 28, 32, 38, 44, 48, 51
2, 8, 12, 18, 22, 28, 32, 38, 44, 50, 51
2, 8, 12, 18, 22, 28, 34, 30, 51
2, 8, 12, 18, 22, 28, 34, 38, 42, 36, 51
2, 8, 12, 18, 22, 28, 34, 38, 42, 46, 51
2, 8, 12, 18, 22, 28, 34, 38, 42, 48, 51
2, 8, 12, 18, 22, 28, 34, 38, 44, 40, 51
2, 8, 12, 18, 22, 28, 34, 38, 44, 48, 51
2, 8, 12, 18, 22, 28, 34, 38, 44, 50, 51
2, 8, 12, 18, 22, 28, 34, 40, 51
2, 8, 12, 18, 24, 20, 51
2, 8, 12, 18, 24, 28, 32, 26, 51
2, 8, 12, 18, 24, 28, 32, 36, 51
2, 8, 12, 18, 24, 28, 32, 38, 34, 30, 51
2, 8, 12, 18, 24, 28, 32, 38, 34, 40, 51
2, 8, 12, 18, 24, 28, 32, 38, 42, 46, 51
2, 8, 12, 18, 24, 28, 32, 38, 42, 48, 51
2, 8, 12, 18, 24, 28, 32, 38, 44, 40, 51
2, 8, 12, 18, 24, 28, 32, 38, 44, 48, 51
2, 8, 12, 18, 24, 28, 32, 38, 44, 50, 51
2, 8, 12, 18, 24, 28, 34, 30, 51
2, 8, 12, 18, 24, 28, 34, 38, 42, 36, 51
2, 8, 12, 18, 24, 28, 34, 38, 42, 46, 51
2, 8, 12, 18, 24, 28, 34, 38, 42, 48, 51
2, 8, 12, 18, 24, 28, 34, 38, 44, 40, 51
2, 8, 12, 18, 24, 28, 34, 38, 44, 48, 51
2, 8, 12, 18, 24, 28, 34, 38, 44, 50, 51
2, 8, 12, 18, 24, 28, 34, 40, 51
2, 8, 12, 18, 24, 30, 51
2, 8, 14, 10, 51
2, 8, 14, 18, 22, 16, 51
2, 8, 14, 18, 22, 26, 51
2, 8, 14, 18, 22, 28, 24, 20, 51
2, 8, 14, 18, 22, 28, 24, 30, 51
2, 8, 14, 18, 22, 28, 32, 36, 51
2, 8, 14, 18, 22, 28, 32, 38, 34, 30, 51
2, 8, 14, 18, 22, 28, 32, 38, 34, 40, 51
2, 8, 14, 18, 22, 28, 32, 38, 42, 46, 51
2, 8, 14, 18, 22, 28, 32, 38, 42, 48, 51
2, 8, 14, 18, 22, 28, 32, 38, 44, 40, 51
2, 8, 14, 18, 22, 28, 32, 38, 44, 48, 51
2, 8, 14, 18, 22, 28, 32, 38, 44, 50, 51
2, 8, 14, 18, 22, 28, 34, 30, 51
2, 8, 14, 18, 22, 28, 34, 38, 42, 36, 51
2, 8, 14, 18, 22, 28, 34, 38, 42, 46, 51
2, 8, 14, 18, 22, 28, 34, 38, 42, 48, 51
2, 8, 14, 18, 22, 28, 34, 38, 44, 40, 51
2, 8, 14, 18, 22, 28, 34, 38, 44, 48, 51
2, 8, 14, 18, 22, 28, 34, 38, 44, 50, 51
2, 8, 14, 18, 22, 28, 34, 40, 51
2, 8, 14, 18, 24, 20, 51
2, 8, 14, 18, 24, 28, 32, 26, 51
2, 8, 14, 18, 24, 28, 32, 36, 51
2, 8, 14, 18, 24, 28, 32, 38, 34, 30, 51
2, 8, 14, 18, 24, 28, 32, 38, 34, 40, 51
2, 8, 14, 18, 24, 28, 32, 38, 42, 46, 51
2, 8, 14, 18, 24, 28, 32, 38, 42, 48, 51
2, 8, 14, 18, 24, 28, 32, 38, 44, 40, 51
2, 8, 14, 18, 24, 28, 32, 38, 44, 48, 51
2, 8, 14, 18, 24, 28, 32, 38, 44, 50, 51
2, 8, 14, 18, 24, 28, 34, 30, 51
2, 8, 14, 18, 24, 28, 34, 38, 42, 36, 51
2, 8, 14, 18, 24, 28, 34, 38, 42, 46, 51
2, 8, 14, 18, 24, 28, 34, 38, 42, 48, 51
2, 8, 14, 18, 24, 28, 34, 38, 44, 40, 51
2, 8, 14, 18, 24, 28, 34, 38, 44, 48, 51
2, 8, 14, 18, 24, 28, 34, 38, 44, 50, 51
2, 8, 14, 18, 24, 28, 34, 40, 51
2, 8, 14, 18, 24, 30, 51
2, 8, 14, 20, 51
3, 7, 11, 51
3, 7, 13, 9
3, 7, 13, 9, 5, 51
3, 7, 13, 9, 15, 51
3, 7, 13, 17, 21, 51
3, 7, 13, 17, 23, 19, 15, 51
3, 7, 13, 17, 23, 19, 25, 51
3, 7, 13, 17, 23, 27, 31, 51
3, 7, 13, 17, 23, 27, 33, 29, 25, 51
3, 7, 13, 17, 23, 27, 33, 29, 35, 51
3, 7, 13, 17, 23, 27, 33, 37, 41, 51
3, 7, 13, 17, 23, 27, 33, 37, 43, 39, 35, 51
3, 7, 13, 17, 23, 27, 33, 37, 43, 39, 45, 51
3, 7, 13, 17, 23, 27, 33, 37, 43, 47, 51
3, 7, 13, 17, 23, 27, 33, 37, 43, 49, 51
3, 7, 13, 17, 23, 27, 33, 39, 35, 51
3, 7, 13, 17, 23, 27, 33, 39, 43, 47, 51
3, 7, 13, 17, 23, 27, 33, 39, 43, 49, 51
3, 7, 13, 17, 23, 27, 33, 39, 45, 51
3, 7, 13, 17, 23, 29, 25, 51
3, 7, 13, 17, 23, 29, 33, 37, 31, 51
3, 7, 13, 17, 23, 29, 33, 37, 41, 51
3, 7, 13, 17, 23, 29, 33, 37, 43, 39, 35, 51
3, 7, 13, 17, 23, 29, 33, 37, 43, 39, 45, 51
3, 7, 13, 17, 23, 29, 33, 37, 43, 47, 51
3, 7, 13, 17, 23, 29, 33, 37, 43, 49, 51
3, 7, 13, 17, 23, 29, 33, 39, 35, 51
3, 7, 13, 17, 23, 29, 33, 39, 43, 47, 51
3, 7, 13, 17, 23, 29, 33, 39, 43, 49, 51
3, 7, 13, 17, 23, 29, 33, 39, 45, 51
3, 7, 13, 17, 23, 29, 35, 51
3, 7, 13, 19, 15, 51
3, 7, 13, 19, 23, 27, 21, 51
3, 7, 13, 19, 23, 27, 31, 51
3, 7, 13, 19, 23, 27, 33, 29, 25, 51
3, 7, 13, 19, 23, 27, 33, 29, 35, 51
3, 7, 13, 19, 23, 27, 33, 37, 41, 51
3, 7, 13, 19, 23, 27, 33, 37, 43, 39, 35, 51
3, 7, 13, 19, 23, 27, 33, 37, 43, 39, 45, 51
3, 7, 13, 19, 23, 27, 33, 37, 43, 47, 51
3, 7, 13, 19, 23, 27, 33, 37, 43, 49, 51
3, 7, 13, 19, 23, 27, 33, 39, 35, 51
3, 7, 13, 19, 23, 27, 33, 39, 43, 47, 51
3, 7, 13, 19, 23, 27, 33, 39, 43, 49, 51
3, 7, 13, 19, 23, 27, 33, 39, 45, 51
3, 7, 13, 19, 23, 29, 25, 51
3, 7, 13, 19, 23, 29, 33, 37, 31, 51
3, 7, 13, 19, 23, 29, 33, 37, 41, 51
3, 7, 13, 19, 23, 29, 33, 37, 43, 39, 35, 51
3, 7, 13, 19, 23, 29, 33, 37, 43, 39, 45, 51
3, 7, 13, 19, 23, 29, 33, 37, 43, 47, 51
3, 7, 13, 19, 23, 29, 33, 37, 43, 49, 51
3, 7, 13, 19, 23, 29, 33, 39, 35, 51
3, 7, 13, 19, 23, 29, 33, 39, 43, 47, 51
3, 7, 13, 19, 23, 29, 33, 39, 43, 49, 51
3, 7, 13, 19, 23, 29, 33, 39, 45, 51
3, 7, 13, 19, 23, 29, 35, 51
3, 7, 13, 19, 25, 51
3, 9, 5, 51
3, 9, 13, 17, 11, 51
3, 9, 13, 17, 21, 51
3, 9, 13, 17, 23, 19, 15, 51
3, 9, 13, 17, 23, 19, 25, 51
3, 9, 13, 17, 23, 27, 31, 51
3, 9, 13, 17, 23, 27, 33, 29, 25, 51
3, 9, 13, 17, 23, 27, 33, 29, 35, 51
3, 9, 13, 17, 23, 27, 33, 37, 41, 51
3, 9, 13, 17, 23, 27, 33, 37, 43, 39, 35, 51
3, 9, 13, 17, 23, 27, 33, 37, 43, 39, 45, 51
3, 9, 13, 17, 23, 27, 33, 37, 43, 47, 51
3, 9, 13, 17, 23, 27, 33, 37, 43, 49, 51
3, 9, 13, 17, 23, 27, 33, 39, 35, 51
3, 9, 13, 17, 23, 27, 33, 39, 43, 47, 51
3, 9, 13, 17, 23, 27, 33, 39, 43, 49, 51
3, 9, 13, 17, 23, 27, 33, 39, 45, 51
3, 9, 13, 17, 23, 29, 25, 51
3, 9, 13, 17, 23, 29, 33, 37, 31, 51
3, 9, 13, 17, 23, 29, 33, 37, 41, 51
3, 9, 13, 17, 23, 29, 33, 37, 43, 39, 35, 51
3, 9, 13, 17, 23, 29, 33, 37, 43, 39, 45, 51
3, 9, 13, 17, 23, 29, 33, 37, 43, 47, 51
3, 9, 13, 17, 23, 29, 33, 37, 43, 49, 51
3, 9, 13, 17, 23, 29, 33, 39, 35, 51
3, 9, 13, 17, 23, 29, 33, 39, 43, 47, 51
3, 9, 13, 17, 23, 29, 33, 39, 43, 49, 51
3, 9, 13, 17, 23, 29, 33, 39, 45, 51
3, 9, 13, 17, 23, 29, 35, 51
3, 9, 13, 19, 15, 51
3, 9, 13, 19, 23, 27, 21, 51
3, 9, 13, 19, 23, 27, 31, 51
3, 9, 13, 19, 23, 27, 33, 29, 25, 51
3, 9, 13, 19, 23, 27, 33, 29, 35, 51
3, 9, 13, 19, 23, 27, 33, 37, 41, 51
3, 9, 13, 19, 23, 27, 33, 37, 43, 39, 35, 51
3, 9, 13, 19, 23, 27, 33, 37, 43, 39, 45, 51
3, 9, 13, 19, 23, 27, 33, 37, 43, 47, 51
3, 9, 13, 19, 23, 27, 33, 37, 43, 49, 51
3, 9, 13, 19, 23, 27, 33, 39, 35, 51
3, 9, 13, 19, 23, 27, 33, 39, 43, 47, 51
3, 9, 13, 19, 23, 27, 33, 39, 43, 49, 51
3, 9, 13, 19, 23, 27, 33, 39, 45, 51
3, 9, 13, 19, 23, 29, 25, 51
3, 9, 13, 19, 23, 29, 33, 37, 31, 51
3, 9, 13, 19, 23, 29, 33, 37, 41, 51
3, 9, 13, 19, 23, 29, 33, 37, 43, 39, 35, 51
3, 9, 13, 19, 23, 29, 33, 37, 43, 39, 45, 51
3, 9, 13, 19, 23, 29, 33, 37, 43, 47, 51
3, 9, 13, 19, 23, 29, 33, 37, 43, 49, 51
3, 9, 13, 19, 23, 29, 33, 39, 35, 51
3, 9, 13, 19, 23, 29, 33, 39, 43, 47, 51
3, 9, 13, 19, 23, 29, 33, 39, 43, 49, 51
3, 9, 13, 19, 23, 29, 33, 39, 45, 51
3, 9, 13, 19, 23, 29, 35, 51
3, 9, 13, 19, 25, 51
3, 9, 15, 51
4, 8, 12, 6, 51
4, 8, 12, 16, 51
4, 8, 12, 18, 14, 10
4, 8, 12, 18, 14, 10, 51
4, 8, 12, 18, 14, 20, 51
4, 8, 12, 18, 22, 26, 51
4, 8, 12, 18, 22, 28, 24, 20, 51
4, 8, 12, 18, 22, 28, 24, 30, 51
4, 8, 12, 18, 22, 28, 32, 36, 51
4, 8, 12, 18, 22, 28, 32, 38, 34, 30, 51
4, 8, 12, 18, 22, 28, 32, 38, 34, 40, 51
4, 8, 12, 18, 22, 28, 32, 38, 42, 46, 51
4, 8, 12, 18, 22, 28, 32, 38, 42, 48, 51
4, 8, 12, 18, 22, 28, 32, 38, 44, 40, 51
4, 8, 12, 18, 22, 28, 32, 38, 44, 48, 51
4, 8, 12, 18, 22, 28, 32, 38, 44, 50, 51
4, 8, 12, 18, 22, 28, 34, 30, 51
4, 8, 12, 18, 22, 28, 34, 38, 42, 36, 51
4, 8, 12, 18, 22, 28, 34, 38, 42, 46, 51
4, 8, 12, 18, 22, 28, 34, 38, 42, 48, 51
4, 8, 12, 18, 22, 28, 34, 38, 44, 40, 51
4, 8, 12, 18, 22, 28, 34, 38, 44, 48, 51
4, 8, 12, 18, 22, 28, 34, 38, 44, 50, 51
4, 8, 12, 18, 22, 28, 34, 40, 51
4, 8, 12, 18, 24, 20, 51
4, 8, 12, 18, 24, 28, 32, 26, 51
4, 8, 12, 18, 24, 28, 32, 36, 51
4, 8, 12, 18, 24, 28, 32, 38, 34, 30, 51
4, 8, 12, 18, 24, 28, 32, 38, 34, 40, 51
4, 8, 12, 18, 24, 28, 32, 38, 42, 46, 51
4, 8, 12, 18, 24, 28, 32, 38, 42, 48, 51
4, 8, 12, 18, 24, 28, 32, 38, 44, 40, 51
4, 8, 12, 18, 24, 28, 32, 38, 44, 48, 51
4, 8, 12, 18, 24, 28, 32, 38, 44, 50, 51
4, 8, 12, 18, 24, 28, 34, 30, 51
4, 8, 12, 18, 24, 28, 34, 38, 42, 36, 51
4, 8, 12, 18, 24, 28, 34, 38, 42, 46, 51
4, 8, 12, 18, 24, 28, 34, 38, 42, 48, 51
4, 8, 12, 18, 24, 28, 34, 38, 44, 40, 51
4, 8, 12, 18, 24, 28, 34, 38, 44, 48, 51
4, 8, 12, 18, 24, 28, 34, 38, 44, 50, 51
4, 8, 12, 18, 24, 28, 34, 40, 51
4, 8, 12, 18, 24, 30, 51
4, 8, 14, 10
4, 8, 14, 10, 51
4, 8, 14, 18, 22, 16, 51
4, 8, 14, 18, 22, 26, 51
4, 8, 14, 18, 22, 28, 24, 20, 51
4, 8, 14, 18, 22, 28, 24, 30, 51
4, 8, 14, 18, 22, 28, 32, 36, 51
4, 8, 14, 18, 22, 28, 32, 38, 34, 30, 51
4, 8, 14, 18, 22, 28, 32, 38, 34, 40, 51
4, 8, 14, 18, 22, 28, 32, 38, 42, 46, 51
4, 8, 14, 18, 22, 28, 32, 38, 42, 48, 51
4, 8, 14, 18, 22, 28, 32, 38, 44, 40, 51
4, 8, 14, 18, 22, 28, 32, 38, 44, 48, 51
4, 8, 14, 18, 22, 28, 32, 38, 44, 50, 51
4, 8, 14, 18, 22, 28, 34, 30, 51
4, 8, 14, 18, 22, 28, 34, 38, 42, 36, 51
4, 8, 14, 18, 22, 28, 34, 38, 42, 46, 51
4, 8, 14, 18, 22, 28, 34, 38, 42, 48, 51
4, 8, 14, 18, 22, 28, 34, 38, 44, 40, 51
4, 8, 14, 18, 22, 28, 34, 38, 44, 48, 51
4, 8, 14, 18, 22, 28, 34, 38, 44, 50, 51
4, 8, 14, 18, 22, 28, 34, 40, 51
4, 8, 14, 18, 24, 20, 51
4, 8, 14, 18, 24, 28, 32, 26, 51
4, 8, 14, 18, 24, 28, 32, 36, 51
4, 8, 14, 18, 24, 28, 32, 38, 34, 30, 51
4, 8, 14, 18, 24, 28, 32, 38, 34, 40, 51
4, 8, 14, 18, 24, 28, 32, 38, 42, 46, 51
4, 8, 14, 18, 24, 28, 32, 38, 42, 48, 51
4, 8, 14, 18, 24, 28, 32, 38, 44, 40, 51
4, 8, 14, 18, 24, 28, 32, 38, 44, 48, 51
4, 8, 14, 18, 24, 28, 32, 38, 44, 50, 51
4, 8, 14, 18, 24, 28, 34, 30, 51
4, 8, 14, 18, 24, 28, 34, 38, 42, 36, 51
4, 8, 14, 18, 24, 28, 34, 38, 42, 46, 51
4, 8, 14, 18, 24, 28, 34, 38, 42, 48, 51
4, 8, 14, 18, 24, 28, 34, 38, 44, 40, 51
4, 8, 14, 18, 24, 28, 34, 38, 44, 48, 51
4, 8, 14, 18, 24, 28, 34, 38, 44, 50, 51
4, 8, 14, 18, 24, 28, 34, 40, 51
4, 8, 14, 18, 24, 30, 51
4, 8, 14, 20, 51
4, 10, 51
5, 9, 13, 7, 11, 51
5, 9, 13, 17, 11, 51
5, 9, 13, 17, 21, 51
5, 9, 13, 17, 23, 19, 15, 51
5, 9, 13, 17, 23, 19, 25, 51
5, 9, 13, 17, 23, 27, 31, 51
5, 9, 13, 17, 23, 27, 33, 29, 25, 51
5, 9, 13, 17, 23, 27, 33, 29, 35, 51
5, 9, 13, 17, 23, 27, 33, 37, 41, 51
5, 9, 13, 17, 23, 27, 33, 37, 43, 39, 35, 51
5, 9, 13, 17, 23, 27, 33, 37, 43, 39, 45, 51
5, 9, 13, 17, 23, 27, 33, 37, 43, 47, 51
5, 9, 13, 17, 23, 27, 33, 37, 43, 49, 51
5, 9, 13, 17, 23, 27, 33, 39, 35, 51
5, 9, 13, 17, 23, 27, 33, 39, 43, 47, 51
5, 9, 13, 17, 23, 27, 33, 39, 43, 49, 51
5, 9, 13, 17, 23, 27, 33, 39, 45, 51
5, 9, 13, 17, 23, 29, 25, 51
5, 9, 13, 17, 23, 29, 33, 37, 31, 51
5, 9, 13, 17, 23, 29, 33, 37, 41, 51
5, 9, 13, 17, 23, 29, 33, 37, 43, 39, 35, 51
5, 9, 13, 17, 23, 29, 33, 37, 43, 39, 45, 51
5, 9, 13, 17, 23, 29, 33, 37, 43, 47, 51
5, 9, 13, 17, 23, 29, 33, 37, 43, 49, 51
5, 9, 13, 17, 23, 29, 33, 39, 35, 51
5, 9, 13, 17, 23, 29, 33, 39, 43, 47, 51
5, 9, 13, 17, 23, 29, 33, 39, 43, 49, 51
5, 9, 13, 17, 23, 29, 33, 39, 45, 51
5, 9, 13, 17, 23, 29, 35, 51
5, 9, 13, 19, 15, 51
5, 9, 13, 19, 23, 27, 21, 51
5, 9, 13, 19, 23, 27, 31, 51
5, 9, 13, 19, 23, 27, 33, 29, 25, 51
5, 9, 13, 19, 23, 27, 33, 29, 35, 51
5, 9, 13, 19, 23, 27, 33, 37, 41, 51
5, 9, 13, 19, 23, 27, 33, 37, 43, 39, 35, 51
5, 9, 13, 19, 23, 27, 33, 37, 43, 39, 45, 51
5, 9, 13, 19, 23, 27, 33, 37, 43, 47, 51
5, 9, 13, 19, 23, 27, 33, 37, 43, 49, 51
5, 9, 13, 19, 23, 27, 33, 39, 35, 51
5, 9, 13, 19, 23, 27, 33, 39, 43, 47, 51
5, 9, 13, 19, 23, 27, 33, 39, 43, 49, 51
5, 9, 13, 19, 23, 27, 33, 39, 45, 51
5, 9, 13, 19, 23, 29, 25, 51
5, 9, 13, 19, 23, 29, 33, 37, 31, 51
5, 9, 13, 19, 23, 29, 33, 37, 41, 51
5, 9, 13, 19, 23, 29, 33, 37, 43, 39, 35, 51
5, 9, 13, 19, 23, 29, 33, 37, 43, 39, 45, 51
5, 9, 13, 19, 23, 29, 33, 37, 43, 47, 51
5, 9, 13, 19, 23, 29, 33, 37, 43, 49, 51
5, 9, 13, 19, 23, 29, 33, 39, 35, 51
5, 9, 13, 19, 23, 29, 33, 39, 43, 47, 51
5, 9, 13, 19, 23, 29, 33, 39, 43, 49, 51
5, 9, 13, 19, 23, 29, 33, 39, 45, 51
5, 9, 13, 19, 23, 29, 35, 51
5, 9, 13, 19, 25, 51
5, 9, 15, 51
6, 12, 8, 14, 10, 51
6, 12, 8, 14, 18, 22, 16, 51
6, 12, 8, 14, 18, 22, 26, 51
6, 12, 8, 14, 18, 22, 28, 24, 20, 51
6, 12, 8, 14, 18, 22, 28, 24, 30, 51
6, 12, 8, 14, 18, 22, 28, 32, 36, 51
6, 12, 8, 14, 18, 22, 28, 32, 38, 34, 30, 51
6, 12, 8, 14, 18, 22, 28, 32, 38, 34, 40, 51
6, 12, 8, 14, 18, 22, 28, 32, 38, 42, 46, 51
6, 12, 8, 14, 18, 22, 28, 32, 38, 42, 48, 51
6, 12, 8, 14, 18, 22, 28, 32, 38, 44, 40, 51
6, 12, 8, 14, 18, 22, 28, 32, 38, 44, 48, 51
6, 12, 8, 14, 18, 22, 28, 32, 38, 44, 50, 51
6, 12, 8, 14, 18, 22, 28, 34, 30, 51
6, 12, 8, 14, 18, 22, 28, 34, 38, 42, 36, 51
6, 12, 8, 14, 18, 22, 28, 34, 38, 42, 46, 51
6, 12, 8, 14, 18, 22, 28, 34, 38, 42, 48, 51
6, 12, 8, 14, 18, 22, 28, 34, 38, 44, 40, 51
6, 12, 8, 14, 18, 22, 28, 34, 38, 44, 48, 51
6, 12, 8, 14, 18, 22, 28, 34, 38, 44, 50, 51
6, 12, 8, 14, 18, 22, 28, 34, 40, 51
6, 12, 8, 14, 18, 24, 20, 51
6, 12, 8, 14, 18, 24, 28, 32, 26, 51
6, 12, 8, 14, 18, 24, 28, 32, 36, 51
6, 12, 8, 14, 18, 24, 28, 32, 38, 34, 30, 51
6, 12, 8, 14, 18, 24, 28, 32, 38, 34, 40, 51
6, 12, 8, 14, 18, 24, 28, 32, 38, 42, 46, 51
6, 12, 8, 14, 18, 24, 28, 32, 38, 42, 48, 51
6, 12, 8, 14, 18, 24, 28, 32, 38, 44, 40, 51
6, 12, 8, 14, 18, 24, 28, 32, 38, 44, 48, 51
6, 12, 8, 14, 18, 24, 28, 32, 38, 44, 50, 51
6, 12, 8, 14, 18, 24, 28, 34, 30, 51
6, 12, 8, 14, 18, 24, 28, 34, 38, 42, 36, 51
6, 12, 8, 14, 18, 24, 28, 34, 38, 42, 46, 51
6, 12, 8, 14, 18, 24, 28, 34, 38, 42, 48, 51
6, 12, 8, 14, 18, 24, 28, 34, 38, 44, 40, 51
6, 12, 8, 14, 18, 24, 28, 34, 38, 44, 48, 51
6, 12, 8, 14, 18, 24, 28, 34, 38, 44, 50, 51
6, 12, 8, 14, 18, 24, 28, 34, 40, 51
6, 12, 8, 14, 18, 24, 30, 51
6, 12, 8, 14, 20, 51
6, 12, 16, 51
6, 12, 18, 14, 10, 51
6, 12, 18, 14, 20, 51
6, 12, 18, 22, 26, 51
6, 12, 18, 22, 28, 24, 20, 51
6, 12, 18, 22, 28, 24, 30, 51
6, 12, 18, 22, 28, 32, 36, 51
6, 12, 18, 22, 28, 32, 38, 34, 30, 51
6, 12, 18, 22, 28, 32, 38, 34, 40, 51
6, 12, 18, 22, 28, 32, 38, 42, 46, 51
6, 12, 18, 22, 28, 32, 38, 42, 48, 51
6, 12, 18, 22, 28, 32, 38, 44, 40, 51
6, 12, 18, 22, 28, 32, 38, 44, 48, 51
6, 12, 18, 22, 28, 32, 38, 44, 50, 51
6, 12, 18, 22, 28, 34, 30, 51
6, 12, 18, 22, 28, 34, 38, 42, 36, 51
6, 12, 18, 22, 28, 34, 38, 42, 46, 51
6, 12, 18, 22, 28, 34, 38, 42, 48, 51
6, 12, 18, 22, 28, 34, 38, 44, 40, 51
6, 12, 18, 22, 28, 34, 38, 44, 48, 51
6, 12, 18, 22, 28, 34, 38, 44, 50, 51
6, 12, 18, 22, 28, 34, 40, 51
6, 12, 18, 24, 20, 51
6, 12, 18, 24, 28, 32, 26, 51
6, 12, 18, 24, 28, 32, 36, 51
6, 12, 18, 24, 28, 32, 38, 34, 30, 51
6, 12, 18, 24, 28, 32, 38, 34, 40, 51
6, 12, 18, 24, 28, 32, 38, 42, 46, 51
6, 12, 18, 24, 28, 32, 38, 42, 48, 51
6, 12, 18, 24, 28, 32, 38, 44, 40, 51
6, 12, 18, 24, 28, 32, 38, 44, 48, 51
6, 12, 18, 24, 28, 32, 38, 44, 50, 51
6, 12, 18, 24, 28, 34, 30, 51
6, 12, 18, 24, 28, 34, 38, 42, 36, 51
6, 12, 18, 24, 28, 34, 38, 42, 46, 51
6, 12, 18, 24, 28, 34, 38, 42, 48, 51
6, 12, 18, 24, 28, 34, 38, 44, 40, 51
6, 12, 18, 24, 28, 34, 38, 44, 48, 51
6, 12, 18, 24, 28, 34, 38, 44, 50, 51
6, 12, 18, 24, 28, 34, 40, 51
6, 12, 18, 24, 30, 51
7, 11, 17, 13
8, 12, 16, 22, 18, 14
8, 12, 18, 14
9, 13, 17, 11, 51, 15
9, 13, 17, 21, 27, 23, 19, 15
9, 13, 17, 21, 51, 15
9, 13, 17, 23, 19, 15
9, 13, 17, 23, 27, 31, 51, 15
9, 13, 17, 23, 27, 33, 29, 25, 51, 15
9, 13, 17, 23, 27, 33, 29, 35, 51, 15
9, 13, 17, 23, 27, 33, 37, 41, 51, 15
9, 13, 17, 23, 27, 33, 37, 43, 39, 35, 51, 15
9, 13, 17, 23, 27, 33, 37, 43, 39, 45, 51, 15
9, 13, 17, 23, 27, 33, 37, 43, 47, 51, 15
9, 13, 17, 23, 27, 33, 37, 43, 49, 51, 15
9, 13, 17, 23, 27, 33, 39, 35, 51, 15
9, 13, 17, 23, 27, 33, 39, 43, 47, 51, 15
9, 13, 17, 23, 27, 33, 39, 43, 49, 51, 15
9, 13, 17, 23, 27, 33, 39, 45, 51, 15
9, 13, 17, 23, 29, 25, 51, 15
9, 13, 17, 23, 29, 33, 37, 31, 51, 15
9, 13, 17, 23, 29, 33, 37, 41, 51, 15
9, 13, 17, 23, 29, 33, 37, 43, 39, 35, 51, 15
9, 13, 17, 23, 29, 33, 37, 43, 39, 45, 51, 15
9, 13, 17, 23, 29, 33, 37, 43, 47, 51, 15
9, 13, 17, 23, 29, 33, 37, 43, 49, 51, 15
9, 13, 17, 23, 29, 33, 39, 35, 51, 15
9, 13, 17, 23, 29, 33, 39, 43, 47, 51, 15
9, 13, 17, 23, 29, 33, 39, 43, 49, 51, 15
9, 13, 17, 23, 29, 33, 39, 45, 51, 15
9, 13, 17, 23, 29, 35, 51, 15
9, 13, 19, 15
10, 14, 18, 12, 16, 51
10, 14, 18, 22, 16, 51
10, 14, 18, 22, 26, 51
10, 14, 18, 22, 28, 24, 20, 51
10, 14, 18, 22, 28, 24, 30, 51
10, 14, 18, 22, 28, 32, 36, 51
10, 14, 18, 22, 28, 32, 38, 34, 30, 51
10, 14, 18, 22, 28, 32, 38, 34, 40, 51
10, 14, 18, 22, 28, 32, 38, 42, 46, 51
10, 14, 18, 22, 28, 32, 38, 42, 48, 51
10, 14, 18, 22, 28, 32, 38, 44, 40, 51
10, 14, 18, 22, 28, 32, 38, 44, 48, 51
10, 14, 18, 22, 28, 32, 38, 44, 50, 51
10, 14, 18, 22, 28, 34, 30, 51
10, 14, 18, 22, 28, 34, 38, 42, 36, 51
10, 14, 18, 22, 28, 34, 38, 42, 46, 51
10, 14, 18, 22, 28, 34, 38, 42, 48, 51
10, 14, 18, 22, 28, 34, 38, 44, 40, 51
10, 14, 18, 22, 28, 34, 38, 44, 48, 51
10, 14, 18, 22, 28, 34, 38, 44, 50, 51
10, 14, 18, 22, 28, 34, 40, 51
10, 14, 18, 24, 20, 51
10, 14, 18, 24, 28, 32, 26, 51
10, 14, 18, 24, 28, 32, 36, 51
10, 14, 18, 24, 28, 32, 38, 34, 30, 51
10, 14, 18, 24, 28, 32, 38, 34, 40, 51
10, 14, 18, 24, 28, 32, 38, 42, 46, 51
10, 14, 18, 24, 28, 32, 38, 42, 48, 51
10, 14, 18, 24, 28, 32, 38, 44, 40, 51
10, 14, 18, 24, 28, 32, 38, 44, 48, 51
10, 14, 18, 24, 28, 32, 38, 44, 50, 51
10, 14, 18, 24, 28, 34, 30, 51
10, 14, 18, 24, 28, 34, 38, 42, 36, 51
10, 14, 18, 24, 28, 34, 38, 42, 46, 51
10, 14, 18, 24, 28, 34, 38, 42, 48, 51
10, 14, 18, 24, 28, 34, 38, 44, 40, 51
10, 14, 18, 24, 28, 34, 38, 44, 48, 51
10, 14, 18, 24, 28, 34, 38, 44, 50, 51
10, 14, 18, 24, 28, 34, 40, 51
10, 14, 18, 24, 30, 51
10, 14, 20, 51
11, 17, 13, 19, 15, 51
11, 17, 13, 19, 23, 27, 21, 51
11, 17, 13, 19, 23, 27, 31, 51
11, 17, 13, 19, 23, 27, 33, 29, 25, 51
11, 17, 13, 19, 23, 27, 33, 29, 35, 51
11, 17, 13, 19, 23, 27, 33, 37, 41, 51
11, 17, 13, 19, 23, 27, 33, 37, 43, 39, 35, 51
11, 17, 13, 19, 23, 27, 33, 37, 43, 39, 45, 51
11, 17, 13, 19, 23, 27, 33, 37, 43, 47, 51
11, 17, 13, 19, 23, 27, 33, 37, 43, 49, 51
11, 17, 13, 19, 23, 27, 33, 39, 35, 51
11, 17, 13, 19, 23, 27, 33, 39, 43, 47, 51
11, 17, 13, 19, 23, 27, 33, 39, 43, 49, 51
11, 17, 13, 19, 23, 27, 33, 39, 45, 51
11, 17, 13, 19, 23, 29, 25, 51
11, 17, 13, 19, 23, 29, 33, 37, 31, 51
11, 17, 13, 19, 23, 29, 33, 37, 41, 51
11, 17, 13, 19, 23, 29, 33, 37, 43, 39, 35, 51
11, 17, 13, 19, 23, 29, 33, 37, 43, 39, 45, 51
11, 17, 13, 19, 23, 29, 33, 37, 43, 47, 51
11, 17, 13, 19, 23, 29, 33, 37, 43, 49, 51
11, 17, 13, 19, 23, 29, 33, 39, 35, 51
11, 17, 13, 19, 23, 29, 33, 39, 43, 47, 51
11, 17, 13, 19, 23, 29, 33, 39, 43, 49, 51
11, 17, 13, 19, 23, 29, 33, 39, 45, 51
11, 17, 13, 19, 23, 29, 35, 51
11, 17, 13, 19, 25, 51
11, 17, 21, 51
11, 17, 23, 19, 15, 51
11, 17, 23, 19, 25, 51
11, 17, 23, 27, 31, 51
11, 17, 23, 27, 33, 29, 25, 51
11, 17, 23, 27, 33, 29, 35, 51
11, 17, 23, 27, 33, 37, 41, 51
11, 17, 23, 27, 33, 37, 43, 39, 35, 51
11, 17, 23, 27, 33, 37, 43, 39, 45, 51
11, 17, 23, 27, 33, 37, 43, 47, 51
11, 17, 23, 27, 33, 37, 43, 49, 51
11, 17, 23, 27, 33, 39, 35, 51
11, 17, 23, 27, 33, 39, 43, 47, 51
11, 17, 23, 27, 33, 39, 43, 49, 51
11, 17, 23, 27, 33, 39, 45, 51
11, 17, 23, 29, 25, 51
11, 17, 23, 29, 33, 37, 31, 51
11, 17, 23, 29, 33, 37, 41, 51
11, 17, 23, 29, 33, 37, 43, 39, 35, 51
11, 17, 23, 29, 33, 37, 43, 39, 45, 51
11, 17, 23, 29, 33, 37, 43, 47, 51
11, 17, 23, 29, 33, 37, 43, 49, 51
11, 17, 23, 29, 33, 39, 35, 51
11, 17, 23, 29, 33, 39, 43, 47, 51
11, 17, 23, 29, 33, 39, 43, 49, 51
11, 17, 23, 29, 33, 39, 45, 51
11, 17, 23, 29, 35, 51
12, 16, 22, 18
13, 17, 21, 27, 23, 19
13, 17, 23, 19
14, 18, 22, 16, 51, 20
14, 18, 22, 26, 32, 28, 24, 20
14, 18, 22, 26, 51, 20
14, 18, 22, 28, 24, 20
14, 18, 22, 28, 32, 36, 51, 20
14, 18, 22, 28, 32, 38, 34, 30, 51, 20
14, 18, 22, 28, 32, 38, 34, 40, 51, 20
14, 18, 22, 28, 32, 38, 42, 46, 51, 20
14, 18, 22, 28, 32, 38, 42, 48, 51, 20
14, 18, 22, 28, 32, 38, 44, 40, 51, 20
14, 18, 22, 28, 32, 38, 44, 48, 51, 20
14, 18, 22, 28, 32, 38, 44, 50, 51, 20
14, 18, 22, 28, 34, 30, 51, 20
14, 18, 22, 28, 34, 38, 42, 36, 51, 20
14, 18, 22, 28, 34, 38, 42, 46, 51, 20
14, 18, 22, 28, 34, 38, 42, 48, 51, 20
14, 18, 22, 28, 34, 38, 44, 40, 51, 20
14, 18, 22, 28, 34, 38, 44, 48, 51, 20
14, 18, 22, 28, 34, 38, 44, 50, 51, 20
14, 18, 22, 28, 34, 40, 51, 20
14, 18, 24, 20
15, 19, 23, 17, 21, 51
15, 19, 23, 27, 21, 51
15, 19, 23, 27, 31, 51
15, 19, 23, 27, 33, 29, 25, 51
15, 19, 23, 27, 33, 29, 35, 51
15, 19, 23, 27, 33, 37, 41, 51
15, 19, 23, 27, 33, 37, 43, 39, 35, 51
15, 19, 23, 27, 33, 37, 43, 39, 45, 51
15, 19, 23, 27, 33, 37, 43, 47, 51
15, 19, 23, 27, 33, 37, 43, 49, 51
15, 19, 23, 27, 33, 39, 35, 51
15, 19, 23, 27, 33, 39, 43, 47, 51
15, 19, 23, 27, 33, 39, 43, 49, 51
15, 19, 23, 27, 33, 39, 45, 51
15, 19, 23, 29, 25, 51
15, 19, 23, 29, 33, 37, 31, 51
15, 19, 23, 29, 33, 37, 41, 51
15, 19, 23, 29, 33, 37, 43, 39, 35, 51
15, 19, 23, 29, 33, 37, 43, 39, 45, 51
15, 19, 23, 29, 33, 37, 43, 47, 51
15, 19, 23, 29, 33, 37, 43, 49, 51
15, 19, 23, 29, 33, 39, 35, 51
15, 19, 23, 29, 33, 39, 43, 47, 51
15, 19, 23, 29, 33, 39, 43, 49, 51
15, 19, 23, 29, 33, 39, 45, 51
15, 19, 23, 29, 35, 51
15, 19, 25, 51
16, 22, 18, 24, 20, 51
16, 22, 18, 24, 28, 32, 26, 51
16, 22, 18, 24, 28, 32, 36, 51
16, 22, 18, 24, 28, 32, 38, 34, 30, 51
16, 22, 18, 24, 28, 32, 38, 34, 40, 51
16, 22, 18, 24, 28, 32, 38, 42, 46, 51
16, 22, 18, 24, 28, 32, 38, 42, 48, 51
16, 22, 18, 24, 28, 32, 38, 44, 40, 51
16, 22, 18, 24, 28, 32, 38, 44, 48, 51
16, 22, 18, 24, 28, 32, 38, 44, 50, 51
16, 22, 18, 24, 28, 34, 30, 51
16, 22, 18, 24, 28, 34, 38, 42, 36, 51
16, 22, 18, 24, 28, 34, 38, 42, 46, 51
16, 22, 18, 24, 28, 34, 38, 42, 48, 51
16, 22, 18, 24, 28, 34, 38, 44, 40, 51
16, 22, 18, 24, 28, 34, 38, 44, 48, 51
16, 22, 18, 24, 28, 34, 38, 44, 50, 51
16, 22, 18, 24, 28, 34, 40, 51
16, 22, 18, 24, 30, 51
16, 22, 26, 51
16, 22, 28, 24, 20, 51
16, 22, 28, 24, 30, 51
16, 22, 28, 32, 36, 51
16, 22, 28, 32, 38, 34, 30, 51
16, 22, 28, 32, 38, 34, 40, 51
16, 22, 28, 32, 38, 42, 46, 51
16, 22, 28, 32, 38, 42, 48, 51
16, 22, 28, 32, 38, 44, 40, 51
16, 22, 28, 32, 38, 44, 48, 51
16, 22, 28, 32, 38, 44, 50, 51
16, 22, 28, 34, 30, 51
16, 22, 28, 34, 38, 42, 36, 51
16, 22, 28, 34, 38, 42, 46, 51
16, 22, 28, 34, 38, 42, 48, 51
16, 22, 28, 34, 38, 44, 40, 51
16, 22, 28, 34, 38, 44, 48, 51
16, 22, 28, 34, 38, 44, 50, 51
16, 22, 28, 34, 40, 51
17, 21, 27, 23
18, 22, 26, 32, 28, 24
18, 22, 28, 24
19, 23, 27, 21, 51, 25
19, 23, 27, 31, 37, 33, 29, 25
19, 23, 27, 31, 51, 25
19, 23, 27, 33, 29, 25
19, 23, 27, 33, 37, 41, 51, 25
19, 23, 27, 33, 37, 43, 39, 35, 51, 25
19, 23, 27, 33, 37, 43, 39, 45, 51, 25
19, 23, 27, 33, 37, 43, 47, 51, 25
19, 23, 27, 33, 37, 43, 49, 51, 25
19, 23, 27, 33, 39, 35, 51, 25
19, 23, 27, 33, 39, 43, 47, 51, 25
19, 23, 27, 33, 39, 43, 49, 51, 25
19, 23, 27, 33, 39, 45, 51, 25
19, 23, 29, 25
20, 24, 28, 22, 26, 51
20, 24, 28, 32, 26, 51
20, 24, 28, 32, 36, 51
20, 24, 28, 32, 38, 34, 30, 51
20, 24, 28, 32, 38, 34, 40, 51
20, 24, 28, 32, 38, 42, 46, 51
20, 24, 28, 32, 38, 42, 48, 51
20, 24, 28, 32, 38, 44, 40, 51
20, 24, 28, 32, 38, 44, 48, 51
20, 24, 28, 32, 38, 44, 50, 51
20, 24, 28, 34, 30, 51
20, 24, 28, 34, 38, 42, 36, 51
20, 24, 28, 34, 38, 42, 46, 51
20, 24, 28, 34, 38, 42, 48, 51
20, 24, 28, 34, 38, 44, 40, 51
20, 24, 28, 34, 38, 44, 48, 51
20, 24, 28, 34, 38, 44, 50, 51
20, 24, 28, 34, 40, 51
20, 24, 30, 51
21, 27, 23, 29, 25, 51
21, 27, 23, 29, 33, 37, 31, 51
21, 27, 23, 29, 33, 37, 41, 51
21, 27, 23, 29, 33, 37, 43, 39, 35, 51
21, 27, 23, 29, 33, 37, 43, 39, 45, 51
21, 27, 23, 29, 33, 37, 43, 47, 51
21, 27, 23, 29, 33, 37, 43, 49, 51
21, 27, 23, 29, 33, 39, 35, 51
21, 27, 23, 29, 33, 39, 43, 47, 51
21, 27, 23, 29, 33, 39, 43, 49, 51
21, 27, 23, 29, 33, 39, 45, 51
21, 27, 23, 29, 35, 51
21, 27, 31, 51
21, 27, 33, 29, 25, 51
21, 27, 33, 29, 35, 51
21, 27, 33, 37, 41, 51
21, 27, 33, 37, 43, 39, 35, 51
21, 27, 33, 37, 43, 39, 45, 51
21, 27, 33, 37, 43, 47, 51
21, 27, 33, 37, 43, 49, 51
21, 27, 33, 39, 35, 51
21, 27, 33, 39, 43, 47, 51
21, 27, 33, 39, 43, 49, 51
21, 27, 33, 39, 45, 51
22, 26, 32, 28
23, 27, 31, 37, 33, 29
23, 27, 33, 29
24, 28, 32, 26, 51, 30
24, 28, 32, 36, 42, 38, 34, 30
24, 28, 32, 36, 51, 30
24, 28, 32, 38, 34, 30
24, 28, 32, 38, 42, 46, 51, 30
24, 28, 32, 38, 42, 48, 51, 30
24, 28, 32, 38, 44, 40, 51, 30
24, 28, 32, 38, 44, 48, 51, 30
24, 28, 32, 38, 44, 50, 51, 30
24, 28, 34, 30
25, 29, 33, 27, 31, 51
25, 29, 33, 37, 31, 51
25, 29, 33, 37, 41, 51
25, 29, 33, 37, 43, 39, 35, 51
25, 29, 33, 37, 43, 39, 45, 51
25, 29, 33, 37, 43, 47, 51
25, 29, 33, 37, 43, 49, 51
25, 29, 33, 39, 35, 51
25, 29, 33, 39, 43, 47, 51
25, 29, 33, 39, 43, 49, 51
25, 29, 33, 39, 45, 51
25, 29, 35, 51
26, 32, 28, 34, 30, 51
26, 32, 28, 34, 38, 42, 36, 51
26, 32, 28, 34, 38, 42, 46, 51
26, 32, 28, 34, 38, 42, 48, 51
26, 32, 28, 34, 38, 44, 40, 51
26, 32, 28, 34, 38, 44, 48, 51
26, 32, 28, 34, 38, 44, 50, 51
26, 32, 28, 34, 40, 51
26, 32, 36, 51
26, 32, 38, 34, 30, 51
26, 32, 38, 34, 40, 51
26, 32, 38, 42, 46, 51
26, 32, 38, 42, 48, 51
26, 32, 38, 44, 40, 51
26, 32, 38, 44, 48, 51
26, 32, 38, 44, 50, 51
27, 31, 37, 33
28, 32, 36, 42, 38, 34
28, 32, 38, 34
29, 33, 37, 31, 51, 35
29, 33, 37, 41, 51, 35
29, 33, 37, 43, 39, 35
29, 33, 37, 43, 47, 51, 35
29, 33, 37, 43, 49, 51, 35
29, 33, 39, 35
30, 34, 38, 32, 36, 51
30, 34, 38, 42, 36, 51
30, 34, 38, 42, 46, 51
30, 34, 38, 42, 48, 51
30, 34, 38, 44, 40, 51
30, 34, 38, 44, 48, 51
30, 34, 38, 44, 50, 51
30, 34, 40, 51
31, 37, 33, 39, 35, 51
31, 37, 33, 39, 43, 47, 51
31, 37, 33, 39, 43, 49, 51
31, 37, 33, 39, 45, 51
31, 37, 41, 51
31, 37, 43, 39, 35, 51
31, 37, 43, 39, 45, 51
31, 37, 43, 47, 51
31, 37, 43, 49, 51
32, 36, 42, 38
33, 37, 43, 39
34, 38, 42, 36, 51, 40
34, 38, 42, 46, 51, 40
34, 38, 42, 48, 44, 40
34, 38, 42, 48, 51, 40
34, 38, 44, 40
35, 39, 43, 37, 41, 51
35, 39, 43, 47, 51
35, 39, 43, 49, 51
35, 39, 45, 51
36, 42, 38, 44, 40, 51
36, 42, 38, 44, 48, 51
36, 42, 38, 44, 50, 51
36, 42, 46, 51
36, 42, 48, 51
38, 42, 48, 44
39, 43, 47, 51, 45
39, 43, 49, 45
40, 44, 48, 51
40, 44, 50, 51
41, 47, 51
42, 46, 51, 48
43, 47, 51, 49
44, 48, 51, 50
45, 49, 51
