1, 9, 3, 50
1, 9, 15, 50
1, 9, 17, 11, 5, 50
1, 9, 17, 11, 19, 13, 7, 50
1, 9, 17, 11, 19, 13, 21, 50
1, 9, 17, 11, 19, 25, 31, 23, 29, 50
1, 9, 17, 11, 19, 25, 31, 37, 29, 50
1, 9, 17, 11, 19, 25, 31, 37, 43, 50
1, 9, 17, 11, 19, 25, 31, 37, 45, 50
1, 9, 17, 11, 19, 25, 31, 39, 33, 27, 21, 50
1, 9, 17, 11, 19, 25, 31, 39, 33, 27, 35, 50
1, 9, 17, 11, 19, 25, 31, 39, 33, 41, 35, 50
1, 9, 17, 11, 19, 25, 31, 39, 33, 41, 47, 50
1, 9, 17, 11, 19, 25, 31, 39, 33, 41, 49, 50
1, 9, 17, 11, 19, 25, 31, 39, 45, 50
1, 9, 17, 11, 19, 25, 31, 39, 47, 50
1, 9, 17, 11, 19, 25, 33, 27, 21, 50
1, 9, 17, 11, 19, 25, 33, 27, 35, 50
1, 9, 17, 11, 19, 25, 33, 39, 45, 50
1, 9, 17, 11, 19, 25, 33, 39, 47, 50
1, 9, 17, 11, 19, 25, 33, 41, 35, 50
1, 9, 17, 11, 19, 25, 33, 41, 47, 50
1, 9, 17, 11, 19, 25, 33, 41, 49, 50
1, 9, 17, 11, 19, 27, 21, 50
1, 9, 17, 11, 19, 27, 33, 39, 31, 23, 29, 50
1, 9, 17, 11, 19, 27, 33, 39, 31, 37, 29, 50
1, 9, 17, 11, 19, 27, 33, 39, 31, 37, 43, 50
1, 9, 17, 11, 19, 27, 33, 39, 31, 37, 45, 50
1, 9, 17, 11, 19, 27, 33, 39, 45, 50
1, 9, 17, 11, 19, 27, 33, 39, 47, 50
1, 9, 17, 11, 19, 27, 33, 41, 35, 50
1, 9, 17, 11, 19, 27, 33, 41, 47, 50
1, 9, 17, 11, 19, 27, 33, 41, 49, 50
1, 9, 17, 11, 19, 27, 35, 50
1, 9, 17, 23, 29, 50
1, 9, 17, 23, 31, 25, 19, 13, 5, 50
1, 9, 17, 23, 31, 25, 19, 13, 7, 50
1, 9, 17, 23, 31, 25, 19, 13, 21, 50
1, 9, 17, 23, 31, 25, 19, 27, 21, 50
1, 9, 17, 23, 31, 25, 19, 27, 33, 39, 45, 50
1, 9, 17, 23, 31, 25, 19, 27, 33, 39, 47, 50
1, 9, 17, 23, 31, 25, 19, 27, 33, 41, 35, 50
1, 9, 17, 23, 31, 25, 19, 27, 33, 41, 47, 50
1, 9, 17, 23, 31, 25, 19, 27, 33, 41, 49, 50
1, 9, 17, 23, 31, 25, 19, 27, 35, 50
1, 9, 17, 23, 31, 25, 33, 27, 21, 50
1, 9, 17, 23, 31, 25, 33, 27, 35, 50
1, 9, 17, 23, 31, 25, 33, 39, 45, 50
1, 9, 17, 23, 31, 25, 33, 39, 47, 50
1, 9, 17, 23, 31, 25, 33, 41, 35, 50
1, 9, 17, 23, 31, 25, 33, 41, 47, 50
1, 9, 17, 23, 31, 25, 33, 41, 49, 50
1, 9, 17, 23, 31, 37, 43, 50
1, 9, 17, 23, 31, 37, 45, 50
1, 9, 17, 23, 31, 39, 33, 27, 19, 13, 5, 50
1, 9, 17, 23, 31, 39, 33, 27, 19, 13, 7, 50
1, 9, 17, 23, 31, 39, 33, 27, 19, 13, 21, 50
1, 9, 17, 23, 31, 39, 33, 27, 21, 50
1, 9, 17, 23, 31, 39, 33, 27, 35, 50
1, 9, 17, 23, 31, 39, 33, 41, 35, 50
1, 9, 17, 23, 31, 39, 33, 41, 47, 50
1, 9, 17, 23, 31, 39, 33, 41, 49, 50
1, 9, 17, 23, 31, 39, 45, 50
1, 9, 17, 23, 31, 39, 47, 50
1, 9, 17, 25, 19, 13, 5, 50
1, 9, 17, 25, 19, 13, 7, 50
1, 9, 17, 25, 19, 13, 21, 50
1, 9, 17, 25, 19, 27, 21, 50
1, 9, 17, 25, 19, 27, 33, 39, 31, 37, 29, 50
1, 9, 17, 25, 19, 27, 33, 39, 31, 37, 43, 50
1, 9, 17, 25, 19, 27, 33, 39, 31, 37, 45, 50
1, 9, 17, 25, 19, 27, 33, 39, 45, 50
1, 9, 17, 25, 19, 27, 33, 39, 47, 50
1, 9, 17, 25, 19, 27, 33, 41, 35, 50
1, 9, 17, 25, 19, 27, 33, 41, 47, 50
1, 9, 17, 25, 19, 27, 33, 41, 49, 50
1, 9, 17, 25, 19, 27, 35, 50
1, 9, 17, 25, 31, 37, 29, 50
1, 9, 17, 25, 31, 37, 43, 50
1, 9, 17, 25, 31, 37, 45, 50
1, 9, 17, 25, 31, 39, 33, 27, 21, 50
1, 9, 17, 25, 31, 39, 33, 27, 35, 50
1, 9, 17, 25, 31, 39, 33, 41, 35, 50
1, 9, 17, 25, 31, 39, 33, 41, 47, 50
1, 9, 17, 25, 31, 39, 33, 41, 49, 50
1, 9, 17, 25, 31, 39, 45, 50
1, 9, 17, 25, 31, 39, 47, 50
1, 9, 17, 25, 33, 27, 21, 50
1, 9, 17, 25, 33, 27, 35, 50
1, 9, 17, 25, 33, 39, 45, 50
1, 9, 17, 25, 33, 39, 47, 50
1, 9, 17, 25, 33, 41, 35, 50
1, 9, 17, 25, 33, 41, 47, 50
1, 9, 17, 25, 33, 41, 49, 50
2, 8, 50
2, 10, 4, 50
2, 10, 16, 22, 50
2, 10, 16, 24, 18, 12, 6, 50
2, 10, 16, 24, 18, 12, 20, 14, 50
2, 10, 16, 24, 18, 12, 20, 26, 32, 38, 30, 36, 50
2, 10, 16, 24, 18, 12, 20, 26, 32, 38, 44, 50
2, 10, 16, 24, 18, 12, 20, 26, 32, 38, 46, 50
2, 10, 16, 24, 18, 12, 20, 26, 32, 40, 34, 28, 50
2, 10, 16, 24, 18, 12, 20, 26, 32, 40, 34, 42, 50
2, 10, 16, 24, 18, 12, 20, 26, 32, 40, 46, 50
2, 10, 16, 24, 18, 12, 20, 26, 32, 40, 48, 50
2, 10, 16, 24, 18, 12, 20, 26, 34, 28, 50
2, 10, 16, 24, 18, 12, 20, 26, 34, 40, 46, 50
2, 10, 16, 24, 18, 12, 20, 26, 34, 40, 48, 50
2, 10, 16, 24, 18, 12, 20, 26, 34, 42, 50
2, 10, 16, 24, 18, 12, 20, 28, 50
2, 10, 16, 24, 18, 26, 20, 14, 50
2, 10, 16, 24, 18, 26, 20, 28, 50
2, 10, 16, 24, 18, 26, 32, 38, 30, 36, 50
2, 10, 16, 24, 18, 26, 32, 38, 44, 50
2, 10, 16, 24, 18, 26, 32, 38, 46, 50
2, 10, 16, 24, 18, 26, 32, 40, 34, 28, 50
2, 10, 16, 24, 18, 26, 32, 40, 34, 42, 50
2, 10, 16, 24, 18, 26, 32, 40, 46, 50
2, 10, 16, 24, 18, 26, 32, 40, 48, 50
2, 10, 16, 24, 18, 26, 34, 28, 50
2, 10, 16, 24, 18, 26, 34, 40, 46, 50
2, 10, 16, 24, 18, 26, 34, 40, 48, 50
2, 10, 16, 24, 18, 26, 34, 42, 50
2, 10, 16, 24, 30, 36, 50
2, 10, 16, 24, 30, 38, 32, 26, 20, 12, 6, 50
2, 10, 16, 24, 30, 38, 32, 26, 20, 14, 50
2, 10, 16, 24, 30, 38, 32, 26, 20, 28, 50
2, 10, 16, 24, 30, 38, 32, 26, 34, 28, 50
2, 10, 16, 24, 30, 38, 32, 26, 34, 40, 46, 50
2, 10, 16, 24, 30, 38, 32, 26, 34, 40, 48, 50
2, 10, 16, 24, 30, 38, 32, 26, 34, 42, 50
2, 10, 16, 24, 30, 38, 32, 40, 34, 28, 50
2, 10, 16, 24, 30, 38, 32, 40, 34, 42, 50
2, 10, 16, 24, 30, 38, 32, 40, 46, 50
2, 10, 16, 24, 30, 38, 32, 40, 48, 50
2, 10, 16, 24, 30, 38, 44, 50
2, 10, 16, 24, 30, 38, 46, 50
2, 10, 16, 24, 32, 26, 20, 12, 6, 50
2, 10, 16, 24, 32, 26, 20, 14, 50
2, 10, 16, 24, 32, 26, 20, 28, 50
2, 10, 16, 24, 32, 26, 34, 28, 50
2, 10, 16, 24, 32, 26, 34, 40, 46, 50
2, 10, 16, 24, 32, 26, 34, 40, 48, 50
2, 10, 16, 24, 32, 26, 34, 42, 50
2, 10, 16, 24, 32, 38, 44, 50
2, 10, 16, 24, 32, 38, 46, 50
2, 10, 16, 24, 32, 40, 34, 28, 50
2, 10, 16, 24, 32, 40, 34, 42, 50
2, 10, 16, 24, 32, 40, 46, 50
2, 10, 16, 24, 32, 40, 48, 50
2, 10, 18, 12, 6, 50
2, 10, 18, 12, 20, 14, 50
2, 10, 18, 12, 20, 26, 32, 24, 30, 22, 50
2, 10, 18, 12, 20, 26, 32, 24, 30, 36, 50
2, 10, 18, 12, 20, 26, 32, 24, 30, 38, 44, 50
2, 10, 18, 12, 20, 26, 32, 24, 30, 38, 46, 50
2, 10, 18, 12, 20, 26, 32, 38, 30, 22, 50
2, 10, 18, 12, 20, 26, 32, 38, 30, 36, 50
2, 10, 18, 12, 20, 26, 32, 38, 44, 50
2, 10, 18, 12, 20, 26, 32, 38, 46, 50
2, 10, 18, 12, 20, 26, 32, 40, 34, 28, 50
2, 10, 18, 12, 20, 26, 32, 40, 34, 42, 50
2, 10, 18, 12, 20, 26, 32, 40, 46, 50
2, 10, 18, 12, 20, 26, 32, 40, 48, 50
2, 10, 18, 12, 20, 26, 34, 28, 50
2, 10, 18, 12, 20, 26, 34, 40, 46, 50
2, 10, 18, 12, 20, 26, 34, 40, 48, 50
2, 10, 18, 12, 20, 26, 34, 42, 50
2, 10, 18, 12, 20, 28, 50
2, 10, 18, 24, 30, 22, 50
2, 10, 18, 24, 30, 36, 50
2, 10, 18, 24, 30, 38, 32, 26, 20, 14, 50
2, 10, 18, 24, 30, 38, 32, 26, 20, 28, 50
2, 10, 18, 24, 30, 38, 32, 26, 34, 28, 50
2, 10, 18, 24, 30, 38, 32, 26, 34, 40, 46, 50
2, 10, 18, 24, 30, 38, 32, 26, 34, 40, 48, 50
2, 10, 18, 24, 30, 38, 32, 26, 34, 42, 50
2, 10, 18, 24, 30, 38, 32, 40, 34, 28, 50
2, 10, 18, 24, 30, 38, 32, 40, 34, 42, 50
2, 10, 18, 24, 30, 38, 32, 40, 46, 50
2, 10, 18, 24, 30, 38, 32, 40, 48, 50
2, 10, 18, 24, 30, 38, 44, 50
2, 10, 18, 24, 30, 38, 46, 50
2, 10, 18, 24, 32, 26, 20, 14, 50
2, 10, 18, 24, 32, 26, 20, 28, 50
2, 10, 18, 24, 32, 26, 34, 28, 50
2, 10, 18, 24, 32, 26, 34, 40, 46, 50
2, 10, 18, 24, 32, 26, 34, 40, 48, 50
2, 10, 18, 24, 32, 26, 34, 42, 50
2, 10, 18, 24, 32, 38, 44, 50
2, 10, 18, 24, 32, 38, 46, 50
2, 10, 18, 24, 32, 40, 34, 28, 50
2, 10, 18, 24, 32, 40, 34, 42, 50
2, 10, 18, 24, 32, 40, 46, 50
2, 10, 18, 24, 32, 40, 48, 50
2, 10, 18, 26, 20, 14, 50
2, 10, 18, 26, 20, 28, 50
2, 10, 18, 26, 32, 38, 30, 22, 50
2, 10, 18, 26, 32, 38, 30, 36, 50
2, 10, 18, 26, 32, 38, 44, 50
2, 10, 18, 26, 32, 38, 46, 50
2, 10, 18, 26, 32, 40, 34, 28, 50
2, 10, 18, 26, 32, 40, 34, 42, 50
2, 10, 18, 26, 32, 40, 46, 50
2, 10, 18, 26, 32, 40, 48, 50
2, 10, 18, 26, 34, 28, 50
2, 10, 18, 26, 34, 40, 46, 50
2, 10, 18, 26, 34, 40, 48, 50
2, 10, 18, 26, 34, 42, 50
3, 9, 15, 50
3, 9, 17, 11
3, 9, 17, 11, 5, 50
3, 9, 17, 11, 19, 13, 7, 50
3, 9, 17, 11, 19, 13, 21, 50
3, 9, 17, 11, 19, 25, 31, 23, 29, 50
3, 9, 17, 11, 19, 25, 31, 37, 29, 50
3, 9, 17, 11, 19, 25, 31, 37, 43, 50
3, 9, 17, 11, 19, 25, 31, 37, 45, 50
3, 9, 17, 11, 19, 25, 31, 39, 33, 27, 21, 50
3, 9, 17, 11, 19, 25, 31, 39, 33, 27, 35, 50
3, 9, 17, 11, 19, 25, 31, 39, 33, 41, 35, 50
3, 9, 17, 11, 19, 25, 31, 39, 33, 41, 47, 50
3, 9, 17, 11, 19, 25, 31, 39, 33, 41, 49, 50
3, 9, 17, 11, 19, 25, 31, 39, 45, 50
3, 9, 17, 11, 19, 25, 31, 39, 47, 50
3, 9, 17, 11, 19, 25, 33, 27, 21, 50
3, 9, 17, 11, 19, 25, 33, 27, 35, 50
3, 9, 17, 11, 19, 25, 33, 39, 45, 50
3, 9, 17, 11, 19, 25, 33, 39, 47, 50
3, 9, 17, 11, 19, 25, 33, 41, 35, 50
3, 9, 17, 11, 19, 25, 33, 41, 47, 50
3, 9, 17, 11, 19, 25, 33, 41, 49, 50
3, 9, 17, 11, 19, 27, 21, 50
3, 9, 17, 11, 19, 27, 33, 39, 31, 23, 29, 50
3, 9, 17, 11, 19, 27, 33, 39, 31, 37, 29, 50
3, 9, 17, 11, 19, 27, 33, 39, 31, 37, 43, 50
3, 9, 17, 11, 19, 27, 33, 39, 31, 37, 45, 50
3, 9, 17, 11, 19, 27, 33, 39, 45, 50
3, 9, 17, 11, 19, 27, 33, 39, 47, 50
3, 9, 17, 11, 19, 27, 33, 41, 35, 50
3, 9, 17, 11, 19, 27, 33, 41, 47, 50
3, 9, 17, 11, 19, 27, 33, 41, 49, 50
3, 9, 17, 11, 19, 27, 35, 50
3, 9, 17, 23, 29, 50
3, 9, 17, 23, 31, 25, 19, 13, 5, 50
3, 9, 17, 23, 31, 25, 19, 13, 7, 50
3, 9, 17, 23, 31, 25, 19, 13, 21, 50
3, 9, 17, 23, 31, 25, 19, 27, 21, 50
3, 9, 17, 23, 31, 25, 19, 27, 33, 39, 45, 50
3, 9, 17, 23, 31, 25, 19, 27, 33, 39, 47, 50
3, 9, 17, 23, 31, 25, 19, 27, 33, 41, 35, 50
3, 9, 17, 23, 31, 25, 19, 27, 33, 41, 47, 50
3, 9, 17, 23, 31, 25, 19, 27, 33, 41, 49, 50
3, 9, 17, 23, 31, 25, 19, 27, 35, 50
3, 9, 17, 23, 31, 25, 33, 27, 21, 50
3, 9, 17, 23, 31, 25, 33, 27, 35, 50
3, 9, 17, 23, 31, 25, 33, 39, 45, 50
3, 9, 17, 23, 31, 25, 33, 39, 47, 50
3, 9, 17, 23, 31, 25, 33, 41, 35, 50
3, 9, 17, 23, 31, 25, 33, 41, 47, 50
3, 9, 17, 23, 31, 25, 33, 41, 49, 50
3, 9, 17, 23, 31, 37, 43, 50
3, 9, 17, 23, 31, 37, 45, 50
3, 9, 17, 23, 31, 39, 33, 27, 19, 13, 5, 50
3, 9, 17, 23, 31, 39, 33, 27, 19, 13, 7, 50
3, 9, 17, 23, 31, 39, 33, 27, 19, 13, 21, 50
3, 9, 17, 23, 31, 39, 33, 27, 21, 50
3, 9, 17, 23, 31, 39, 33, 27, 35, 50
3, 9, 17, 23, 31, 39, 33, 41, 35, 50
3, 9, 17, 23, 31, 39, 33, 41, 47, 50
3, 9, 17, 23, 31, 39, 33, 41, 49, 50
3, 9, 17, 23, 31, 39, 45, 50
3, 9, 17, 23, 31, 39, 47, 50
3, 9, 17, 25, 19, 13, 5, 50
3, 9, 17, 25, 19, 13, 7, 50
3, 9, 17, 25, 19, 13, 21, 50
3, 9, 17, 25, 19, 27, 21, 50
3, 9, 17, 25, 19, 27, 33, 39, 31, 37, 29, 50
3, 9, 17, 25, 19, 27, 33, 39, 31, 37, 43, 50
3, 9, 17, 25, 19, 27, 33, 39, 31, 37, 45, 50
3, 9, 17, 25, 19, 27, 33, 39, 45, 50
3, 9, 17, 25, 19, 27, 33, 39, 47, 50
3, 9, 17, 25, 19, 27, 33, 41, 35, 50
3, 9, 17, 25, 19, 27, 33, 41, 47, 50
3, 9, 17, 25, 19, 27, 33, 41, 49, 50
3, 9, 17, 25, 19, 27, 35, 50
3, 9, 17, 25, 31, 37, 29, 50
3, 9, 17, 25, 31, 37, 43, 50
3, 9, 17, 25, 31, 37, 45, 50
3, 9, 17, 25, 31, 39, 33, 27, 21, 50
3, 9, 17, 25, 31, 39, 33, 27, 35, 50
3, 9, 17, 25, 31, 39, 33, 41, 35, 50
3, 9, 17, 25, 31, 39, 33, 41, 47, 50
3, 9, 17, 25, 31, 39, 33, 41, 49, 50
3, 9, 17, 25, 31, 39, 45, 50
3, 9, 17, 25, 31, 39, 47, 50
3, 9, 17, 25, 33, 27, 21, 50
3, 9, 17, 25, 33, 27, 35, 50
3, 9, 17, 25, 33, 39, 45, 50
3, 9, 17, 25, 33, 39, 47, 50
3, 9, 17, 25, 33, 41, 35, 50
3, 9, 17, 25, 33, 41, 47, 50
3, 9, 17, 25, 33, 41, 49, 50
3, 11, 5, 50
3, 11, 17, 23, 15, 50
3, 11, 17, 23, 29, 50
3, 11, 17, 23, 31, 25, 19, 13, 7, 50
3, 11, 17, 23, 31, 25, 19, 13, 21, 50
3, 11, 17, 23, 31, 25, 19, 27, 21, 50
3, 11, 17, 23, 31, 25, 19, 27, 33, 39, 45, 50
3, 11, 17, 23, 31, 25, 19, 27, 33, 39, 47, 50
3, 11, 17, 23, 31, 25, 19, 27, 33, 41, 35, 50
3, 11, 17, 23, 31, 25, 19, 27, 33, 41, 47, 50
3, 11, 17, 23, 31, 25, 19, 27, 33, 41, 49, 50
3, 11, 17, 23, 31, 25, 19, 27, 35, 50
3, 11, 17, 23, 31, 25, 33, 27, 21, 50
3, 11, 17, 23, 31, 25, 33, 27, 35, 50
3, 11, 17, 23, 31, 25, 33, 39, 45, 50
3, 11, 17, 23, 31, 25, 33, 39, 47, 50
3, 11, 17, 23, 31, 25, 33, 41, 35, 50
3, 11, 17, 23, 31, 25, 33, 41, 47, 50
3, 11, 17, 23, 31, 25, 33, 41, 49, 50
3, 11, 17, 23, 31, 37, 43, 50
3, 11, 17, 23, 31, 37, 45, 50
3, 11, 17, 23, 31, 39, 33, 27, 19, 13, 7, 50
3, 11, 17, 23, 31, 39, 33, 27, 19, 13, 21, 50
3, 11, 17, 23, 31, 39, 33, 27, 21, 50
3, 11, 17, 23, 31, 39, 33, 27, 35, 50
3, 11, 17, 23, 31, 39, 33, 41, 35, 50
3, 11, 17, 23, 31, 39, 33, 41, 47, 50
3, 11, 17, 23, 31, 39, 33, 41, 49, 50
3, 11, 17, 23, 31, 39, 45, 50
3, 11, 17, 23, 31, 39, 47, 50
3, 11, 17, 25, 19, 13, 7, 50
3, 11, 17, 25, 19, 13, 21, 50
3, 11, 17, 25, 19, 27, 21, 50
3, 11, 17, 25, 19, 27, 33, 39, 31, 37, 29, 50
3, 11, 17, 25, 19, 27, 33, 39, 31, 37, 43, 50
3, 11, 17, 25, 19, 27, 33, 39, 31, 37, 45, 50
3, 11, 17, 25, 19, 27, 33, 39, 45, 50
3, 11, 17, 25, 19, 27, 33, 39, 47, 50
3, 11, 17, 25, 19, 27, 33, 41, 35, 50
3, 11, 17, 25, 19, 27, 33, 41, 47, 50
3, 11, 17, 25, 19, 27, 33, 41, 49, 50
3, 11, 17, 25, 19, 27, 35, 50
3, 11, 17, 25, 31, 37, 29, 50
3, 11, 17, 25, 31, 37, 43, 50
3, 11, 17, 25, 31, 37, 45, 50
3, 11, 17, 25, 31, 39, 33, 27, 21, 50
3, 11, 17, 25, 31, 39, 33, 27, 35, 50
3, 11, 17, 25, 31, 39, 33, 41, 35, 50
3, 11, 17, 25, 31, 39, 33, 41, 47, 50
3, 11, 17, 25, 31, 39, 33, 41, 49, 50
3, 11, 17, 25, 31, 39, 45, 50
3, 11, 17, 25, 31, 39, 47, 50
3, 11, 17, 25, 33, 27, 21, 50
3, 11, 17, 25, 33, 27, 35, 50
3, 11, 17, 25, 33, 39, 45, 50
3, 11, 17, 25, 33, 39, 47, 50
3, 11, 17, 25, 33, 41, 35, 50
3, 11, 17, 25, 33, 41, 47, 50
3, 11, 17, 25, 33, 41, 49, 50
3, 11, 19, 13, 7, 50
3, 11, 19, 13, 21, 50
3, 11, 19, 25, 31, 23, 15, 50
3, 11, 19, 25, 31, 23, 29, 50
3, 11, 19, 25, 31, 37, 29, 50
3, 11, 19, 25, 31, 37, 43, 50
3, 11, 19, 25, 31, 37, 45, 50
3, 11, 19, 25, 31, 39, 33, 27, 21, 50
3, 11, 19, 25, 31, 39, 33, 27, 35, 50
3, 11, 19, 25, 31, 39, 33, 41, 35, 50
3, 11, 19, 25, 31, 39, 33, 41, 47, 50
3, 11, 19, 25, 31, 39, 33, 41, 49, 50
3, 11, 19, 25, 31, 39, 45, 50
3, 11, 19, 25, 31, 39, 47, 50
3, 11, 19, 25, 33, 27, 21, 50
3, 11, 19, 25, 33, 27, 35, 50
3, 11, 19, 25, 33, 39, 45, 50
3, 11, 19, 25, 33, 39, 47, 50
3, 11, 19, 25, 33, 41, 35, 50
3, 11, 19, 25, 33, 41, 47, 50
3, 11, 19, 25, 33, 41, 49, 50
3, 11, 19, 27, 21, 50
3, 11, 19, 27, 33, 39, 31, 23, 15, 50
3, 11, 19, 27, 33, 39, 31, 23, 29, 50
3, 11, 19, 27, 33, 39, 31, 37, 29, 50
3, 11, 19, 27, 33, 39, 31, 37, 43, 50
3, 11, 19, 27, 33, 39, 31, 37, 45, 50
3, 11, 19, 27, 33, 39, 45, 50
3, 11, 19, 27, 33, 39, 47, 50
3, 11, 19, 27, 33, 41, 35, 50
3, 11, 19, 27, 33, 41, 47, 50
3, 11, 19, 27, 33, 41, 49, 50
3, 11, 19, 27, 35, 50
4, 10, 16, 8, 50
4, 10, 16, 22, 50
4, 10, 16, 24, 18, 12
4, 10, 16, 24, 18, 12, 6, 50
4, 10, 16, 24, 18, 12, 20, 14, 50
4, 10, 16, 24, 18, 12, 20, 26, 32, 38, 30, 36, 50
4, 10, 16, 24, 18, 12, 20, 26, 32, 38, 44, 50
4, 10, 16, 24, 18, 12, 20, 26, 32, 38, 46, 50
4, 10, 16, 24, 18, 12, 20, 26, 32, 40, 34, 28, 50
4, 10, 16, 24, 18, 12, 20, 26, 32, 40, 34, 42, 50
4, 10, 16, 24, 18, 12, 20, 26, 32, 40, 46, 50
4, 10, 16, 24, 18, 12, 20, 26, 32, 40, 48, 50
4, 10, 16, 24, 18, 12, 20, 26, 34, 28, 50
4, 10, 16, 24, 18, 12, 20, 26, 34, 40, 46, 50
4, 10, 16, 24, 18, 12, 20, 26, 34, 40, 48, 50
4, 10, 16, 24, 18, 12, 20, 26, 34, 42, 50
4, 10, 16, 24, 18, 12, 20, 28, 50
4, 10, 16, 24, 18, 26, 20, 14, 50
4, 10, 16, 24, 18, 26, 20, 28, 50
4, 10, 16, 24, 18, 26, 32, 38, 30, 36, 50
4, 10, 16, 24, 18, 26, 32, 38, 44, 50
4, 10, 16, 24, 18, 26, 32, 38, 46, 50
4, 10, 16, 24, 18, 26, 32, 40, 34, 28, 50
4, 10, 16, 24, 18, 26, 32, 40, 34, 42, 50
4, 10, 16, 24, 18, 26, 32, 40, 46, 50
4, 10, 16, 24, 18, 26, 32, 40, 48, 50
4, 10, 16, 24, 18, 26, 34, 28, 50
4, 10, 16, 24, 18, 26, 34, 40, 46, 50
4, 10, 16, 24, 18, 26, 34, 40, 48, 50
4, 10, 16, 24, 18, 26, 34, 42, 50
4, 10, 16, 24, 30, 36, 50
4, 10, 16, 24, 30, 38, 32, 26, 20, 12
4, 10, 16, 24, 30, 38, 32, 26, 20, 12, 6, 50
4, 10, 16, 24, 30, 38, 32, 26, 20, 14, 50
4, 10, 16, 24, 30, 38, 32, 26, 20, 28, 50
4, 10, 16, 24, 30, 38, 32, 26, 34, 28, 50
4, 10, 16, 24, 30, 38, 32, 26, 34, 40, 46, 50
4, 10, 16, 24, 30, 38, 32, 26, 34, 40, 48, 50
4, 10, 16, 24, 30, 38, 32, 26, 34, 42, 50
4, 10, 16, 24, 30, 38, 32, 40, 34, 28, 50
4, 10, 16, 24, 30, 38, 32, 40, 34, 42, 50
4, 10, 16, 24, 30, 38, 32, 40, 46, 50
4, 10, 16, 24, 30, 38, 32, 40, 48, 50
4, 10, 16, 24, 30, 38, 44, 50
4, 10, 16, 24, 30, 38, 46, 50
4, 10, 16, 24, 32, 26, 20, 12
4, 10, 16, 24, 32, 26, 20, 12, 6, 50
4, 10, 16, 24, 32, 26, 20, 14, 50
4, 10, 16, 24, 32, 26, 20, 28, 50
4, 10, 16, 24, 32, 26, 34, 28, 50
4, 10, 16, 24, 32, 26, 34, 40, 46, 50
4, 10, 16, 24, 32, 26, 34, 40, 48, 50
4, 10, 16, 24, 32, 26, 34, 42, 50
4, 10, 16, 24, 32, 38, 44, 50
4, 10, 16, 24, 32, 38, 46, 50
4, 10, 16, 24, 32, 40, 34, 28, 50
4, 10, 16, 24, 32, 40, 34, 42, 50
4, 10, 16, 24, 32, 40, 46, 50
4, 10, 16, 24, 32, 40, 48, 50
4, 10, 18, 12
4, 10, 18, 12, 6, 50
4, 10, 18, 12, 20, 14, 50
4, 10, 18, 12, 20, 26, 32, 24, 30, 22, 50
4, 10, 18, 12, 20, 26, 32, 24, 30, 36, 50
4, 10, 18, 12, 20, 26, 32, 24, 30, 38, 44, 50
4, 10, 18, 12, 20, 26, 32, 24, 30, 38, 46, 50
4, 10, 18, 12, 20, 26, 32, 38, 30, 22, 50
4, 10, 18, 12, 20, 26, 32, 38, 30, 36, 50
4, 10, 18, 12, 20, 26, 32, 38, 44, 50
4, 10, 18, 12, 20, 26, 32, 38, 46, 50
4, 10, 18, 12, 20, 26, 32, 40, 34, 28, 50
4, 10, 18, 12, 20, 26, 32, 40, 34, 42, 50
4, 10, 18, 12, 20, 26, 32, 40, 46, 50
4, 10, 18, 12, 20, 26, 32, 40, 48, 50
4, 10, 18, 12, 20, 26, 34, 28, 50
4, 10, 18, 12, 20, 26, 34, 40, 46, 50
4, 10, 18, 12, 20, 26, 34, 40, 48, 50
4, 10, 18, 12, 20, 26, 34, 42, 50
4, 10, 18, 12, 20, 28, 50
4, 10, 18, 24, 30, 22, 50
4, 10, 18, 24, 30, 36, 50
4, 10, 18, 24, 30, 38, 32, 26, 20, 14, 50
4, 10, 18, 24, 30, 38, 32, 26, 20, 28, 50
4, 10, 18, 24, 30, 38, 32, 26, 34, 28, 50
4, 10, 18, 24, 30, 38, 32, 26, 34, 40, 46, 50
4, 10, 18, 24, 30, 38, 32, 26, 34, 40, 48, 50
4, 10, 18, 24, 30, 38, 32, 26, 34, 42, 50
4, 10, 18, 24, 30, 38, 32, 40, 34, 28, 50
4, 10, 18, 24, 30, 38, 32, 40, 34, 42, 50
4, 10, 18, 24, 30, 38, 32, 40, 46, 50
4, 10, 18, 24, 30, 38, 32, 40, 48, 50
4, 10, 18, 24, 30, 38, 44, 50
4, 10, 18, 24, 30, 38, 46, 50
4, 10, 18, 24, 32, 26, 20, 14, 50
4, 10, 18, 24, 32, 26, 20, 28, 50
4, 10, 18, 24, 32, 26, 34, 28, 50
4, 10, 18, 24, 32, 26, 34, 40, 46, 50
4, 10, 18, 24, 32, 26, 34, 40, 48, 50
4, 10, 18, 24, 32, 26, 34, 42, 50
4, 10, 18, 24, 32, 38, 44, 50
4, 10, 18, 24, 32, 38, 46, 50
4, 10, 18, 24, 32, 40, 34, 28, 50
4, 10, 18, 24, 32, 40, 34, 42, 50
4, 10, 18, 24, 32, 40, 46, 50
4, 10, 18, 24, 32, 40, 48, 50
4, 10, 18, 26, 20, 14, 50
4, 10, 18, 26, 20, 28, 50
4, 10, 18, 26, 32, 38, 30, 22, 50
4, 10, 18, 26, 32, 38, 30, 36, 50
4, 10, 18, 26, 32, 38, 44, 50
4, 10, 18, 26, 32, 38, 46, 50
4, 10, 18, 26, 32, 40, 34, 28, 50
4, 10, 18, 26, 32, 40, 34, 42, 50
4, 10, 18, 26, 32, 40, 46, 50
4, 10, 18, 26, 32, 40, 48, 50
4, 10, 18, 26, 34, 28, 50
4, 10, 18, 26, 34, 40, 46, 50
4, 10, 18, 26, 34, 40, 48, 50
4, 10, 18, 26, 34, 42, 50
4, 12, 6, 50
4, 12, 18, 24, 16, 8, 50
4, 12, 18, 24, 16, 22, 50
4, 12, 18, 24, 30, 22, 50
4, 12, 18, 24, 30, 36, 50
4, 12, 18, 24, 30, 38, 32, 26, 20, 14, 50
4, 12, 18, 24, 30, 38, 32, 26, 20, 28, 50
4, 12, 18, 24, 30, 38, 32, 26, 34, 28, 50
4, 12, 18, 24, 30, 38, 32, 26, 34, 40, 46, 50
4, 12, 18, 24, 30, 38, 32, 26, 34, 40, 48, 50
4, 12, 18, 24, 30, 38, 32, 26, 34, 42, 50
4, 12, 18, 24, 30, 38, 32, 40, 34, 28, 50
4, 12, 18, 24, 30, 38, 32, 40, 34, 42, 50
4, 12, 18, 24, 30, 38, 32, 40, 46, 50
4, 12, 18, 24, 30, 38, 32, 40, 48, 50
4, 12, 18, 24, 30, 38, 44, 50
4, 12, 18, 24, 30, 38, 46, 50
4, 12, 18, 24, 32, 26, 20, 14, 50
4, 12, 18, 24, 32, 26, 20, 28, 50
4, 12, 18, 24, 32, 26, 34, 28, 50
4, 12, 18, 24, 32, 26, 34, 40, 46, 50
4, 12, 18, 24, 32, 26, 34, 40, 48, 50
4, 12, 18, 24, 32, 26, 34, 42, 50
4, 12, 18, 24, 32, 38, 44, 50
4, 12, 18, 24, 32, 38, 46, 50
4, 12, 18, 24, 32, 40, 34, 28, 50
4, 12, 18, 24, 32, 40, 34, 42, 50
4, 12, 18, 24, 32, 40, 46, 50
4, 12, 18, 24, 32, 40, 48, 50
4, 12, 18, 26, 20, 14, 50
4, 12, 18, 26, 20, 28, 50
4, 12, 18, 26, 32, 38, 30, 22, 50
4, 12, 18, 26, 32, 38, 30, 36, 50
4, 12, 18, 26, 32, 38, 44, 50
4, 12, 18, 26, 32, 38, 46, 50
4, 12, 18, 26, 32, 40, 34, 28, 50
4, 12, 18, 26, 32, 40, 34, 42, 50
4, 12, 18, 26, 32, 40, 46, 50
4, 12, 18, 26, 32, 40, 48, 50
4, 12, 18, 26, 34, 28, 50
4, 12, 18, 26, 34, 40, 46, 50
4, 12, 18, 26, 34, 40, 48, 50
4, 12, 18, 26, 34, 42, 50
4, 12, 20, 14, 50
4, 12, 20, 26, 32, 24, 16, 8, 50
4, 12, 20, 26, 32, 24, 16, 22, 50
4, 12, 20, 26, 32, 24, 30, 22, 50
4, 12, 20, 26, 32, 24, 30, 36, 50
4, 12, 20, 26, 32, 24, 30, 38, 44, 50
4, 12, 20, 26, 32, 24, 30, 38, 46, 50
4, 12, 20, 26, 32, 38, 30, 22, 50
4, 12, 20, 26, 32, 38, 30, 36, 50
4, 12, 20, 26, 32, 38, 44, 50
4, 12, 20, 26, 32, 38, 46, 50
4, 12, 20, 26, 32, 40, 34, 28, 50
4, 12, 20, 26, 32, 40, 34, 42, 50
4, 12, 20, 26, 32, 40, 46, 50
4, 12, 20, 26, 32, 40, 48, 50
4, 12, 20, 26, 34, 28, 50
4, 12, 20, 26, 34, 40, 46, 50
4, 12, 20, 26, 34, 40, 48, 50
4, 12, 20, 26, 34, 42, 50
4, 12, 20, 28, 50
5, 11, 17, 9, 15, 50
5, 11, 17, 23, 15, 50
5, 11, 17, 23, 29, 50
5, 11, 17, 23, 31, 25, 19, 13
5, 11, 17, 23, 31, 25, 19, 13, 7, 50
5, 11, 17, 23, 31, 25, 19, 13, 21, 50
5, 11, 17, 23, 31, 25, 19, 27, 21, 50
5, 11, 17, 23, 31, 25, 19, 27, 33, 39, 45, 50
5, 11, 17, 23, 31, 25, 19, 27, 33, 39, 47, 50
5, 11, 17, 23, 31, 25, 19, 27, 33, 41, 35, 50
5, 11, 17, 23, 31, 25, 19, 27, 33, 41, 47, 50
5, 11, 17, 23, 31, 25, 19, 27, 33, 41, 49, 50
5, 11, 17, 23, 31, 25, 19, 27, 35, 50
5, 11, 17, 23, 31, 25, 33, 27, 21, 50
5, 11, 17, 23, 31, 25, 33, 27, 35, 50
5, 11, 17, 23, 31, 25, 33, 39, 45, 50
5, 11, 17, 23, 31, 25, 33, 39, 47, 50
5, 11, 17, 23, 31, 25, 33, 41, 35, 50
5, 11, 17, 23, 31, 25, 33, 41, 47, 50
5, 11, 17, 23, 31, 25, 33, 41, 49, 50
5, 11, 17, 23, 31, 37, 43, 50
5, 11, 17, 23, 31, 37, 45, 50
5, 11, 17, 23, 31, 39, 33, 27, 19, 13
5, 11, 17, 23, 31, 39, 33, 27, 19, 13, 7, 50
5, 11, 17, 23, 31, 39, 33, 27, 19, 13, 21, 50
5, 11, 17, 23, 31, 39, 33, 27, 21, 50
5, 11, 17, 23, 31, 39, 33, 27, 35, 50
5, 11, 17, 23, 31, 39, 33, 41, 35, 50
5, 11, 17, 23, 31, 39, 33, 41, 47, 50
5, 11, 17, 23, 31, 39, 33, 41, 49, 50
5, 11, 17, 23, 31, 39, 45, 50
5, 11, 17, 23, 31, 39, 47, 50
5, 11, 17, 25, 19, 13
5, 11, 17, 25, 19, 13, 7, 50
5, 11, 17, 25, 19, 13, 21, 50
5, 11, 17, 25, 19, 27, 21, 50
5, 11, 17, 25, 19, 27, 33, 39, 31, 37, 29, 50
5, 11, 17, 25, 19, 27, 33, 39, 31, 37, 43, 50
5, 11, 17, 25, 19, 27, 33, 39, 31, 37, 45, 50
5, 11, 17, 25, 19, 27, 33, 39, 45, 50
5, 11, 17, 25, 19, 27, 33, 39, 47, 50
5, 11, 17, 25, 19, 27, 33, 41, 35, 50
5, 11, 17, 25, 19, 27, 33, 41, 47, 50
5, 11, 17, 25, 19, 27, 33, 41, 49, 50
5, 11, 17, 25, 19, 27, 35, 50
5, 11, 17, 25, 31, 37, 29, 50
5, 11, 17, 25, 31, 37, 43, 50
5, 11, 17, 25, 31, 37, 45, 50
5, 11, 17, 25, 31, 39, 33, 27, 21, 50
5, 11, 17, 25, 31, 39, 33, 27, 35, 50
5, 11, 17, 25, 31, 39, 33, 41, 35, 50
5, 11, 17, 25, 31, 39, 33, 41, 47, 50
5, 11, 17, 25, 31, 39, 33, 41, 49, 50
5, 11, 17, 25, 31, 39, 45, 50
5, 11, 17, 25, 31, 39, 47, 50
5, 11, 17, 25, 33, 27, 21, 50
5, 11, 17, 25, 33, 27, 35, 50
5, 11, 17, 25, 33, 39, 45, 50
5, 11, 17, 25, 33, 39, 47, 50
5, 11, 17, 25, 33, 41, 35, 50
5, 11, 17, 25, 33, 41, 47, 50
5, 11, 17, 25, 33, 41, 49, 50
5, 11, 19, 13
5, 11, 19, 13, 7, 50
5, 11, 19, 13, 21, 50
5, 11, 19, 25, 31, 23, 15, 50
5, 11, 19, 25, 31, 23, 29, 50
5, 11, 19, 25, 31, 37, 29, 50
5, 11, 19, 25, 31, 37, 43, 50
5, 11, 19, 25, 31, 37, 45, 50
5, 11, 19, 25, 31, 39, 33, 27, 21, 50
5, 11, 19, 25, 31, 39, 33, 27, 35, 50
5, 11, 19, 25, 31, 39, 33, 41, 35, 50
5, 11, 19, 25, 31, 39, 33, 41, 47, 50
5, 11, 19, 25, 31, 39, 33, 41, 49, 50
5, 11, 19, 25, 31, 39, 45, 50
5, 11, 19, 25, 31, 39, 47, 50
5, 11, 19, 25, 33, 27, 21, 50
5, 11, 19, 25, 33, 27, 35, 50
5, 11, 19, 25, 33, 39, 45, 50
5, 11, 19, 25, 33, 39, 47, 50
5, 11, 19, 25, 33, 41, 35, 50
5, 11, 19, 25, 33, 41, 47, 50
5, 11, 19, 25, 33, 41, 49, 50
5, 11, 19, 27, 21, 50
5, 11, 19, 27, 33, 39, 31, 23, 15, 50
5, 11, 19, 27, 33, 39, 31, 23, 29, 50
5, 11, 19, 27, 33, 39, 31, 37, 29, 50
5, 11, 19, 27, 33, 39, 31, 37, 43, 50
5, 11, 19, 27, 33, 39, 31, 37, 45, 50
5, 11, 19, 27, 33, 39, 45, 50
5, 11, 19, 27, 33, 39, 47, 50
5, 11, 19, 27, 33, 41, 35, 50
5, 11, 19, 27, 33, 41, 47, 50
5, 11, 19, 27, 33, 41, 49, 50
5, 11, 19, 27, 35, 50
5, 13, 7, 50
5, 13, 19, 25, 17, 9, 15, 50
5, 13, 19, 25, 17, 23, 15, 50
5, 13, 19, 25, 17, 23, 29, 50
5, 13, 19, 25, 17, 23, 31, 37, 43, 50
5, 13, 19, 25, 17, 23, 31, 37, 45, 50
5, 13, 19, 25, 17, 23, 31, 39, 33, 27, 21, 50
5, 13, 19, 25, 17, 23, 31, 39, 33, 27, 35, 50
5, 13, 19, 25, 17, 23, 31, 39, 33, 41, 35, 50
5, 13, 19, 25, 17, 23, 31, 39, 33, 41, 47, 50
5, 13, 19, 25, 17, 23, 31, 39, 33, 41, 49, 50
5, 13, 19, 25, 17, 23, 31, 39, 45, 50
5, 13, 19, 25, 17, 23, 31, 39, 47, 50
5, 13, 19, 25, 31, 23, 15, 50
5, 13, 19, 25, 31, 23, 29, 50
5, 13, 19, 25, 31, 37, 29, 50
5, 13, 19, 25, 31, 37, 43, 50
5, 13, 19, 25, 31, 37, 45, 50
5, 13, 19, 25, 31, 39, 33, 27, 21, 50
5, 13, 19, 25, 31, 39, 33, 27, 35, 50
5, 13, 19, 25, 31, 39, 33, 41, 35, 50
5, 13, 19, 25, 31, 39, 33, 41, 47, 50
5, 13, 19, 25, 31, 39, 33, 41, 49, 50
5, 13, 19, 25, 31, 39, 45, 50
5, 13, 19, 25, 31, 39, 47, 50
5, 13, 19, 25, 33, 27, 21, 50
5, 13, 19, 25, 33, 27, 35, 50
5, 13, 19, 25, 33, 39, 45, 50
5, 13, 19, 25, 33, 39, 47, 50
5, 13, 19, 25, 33, 41, 35, 50
5, 13, 19, 25, 33, 41, 47, 50
5, 13, 19, 25, 33, 41, 49, 50
5, 13, 19, 27, 21, 50
5, 13, 19, 27, 33, 39, 31, 23, 15, 50
5, 13, 19, 27, 33, 39, 31, 23, 29, 50
5, 13, 19, 27, 33, 39, 31, 37, 29, 50
5, 13, 19, 27, 33, 39, 31, 37, 43, 50
5, 13, 19, 27, 33, 39, 31, 37, 45, 50
5, 13, 19, 27, 33, 39, 45, 50
5, 13, 19, 27, 33, 39, 47, 50
5, 13, 19, 27, 33, 41, 35, 50
5, 13, 19, 27, 33, 41, 47, 50
5, 13, 19, 27, 33, 41, 49, 50
5, 13, 19, 27, 35, 50
5, 13, 21, 50
6, 12, 18, 10, 16, 8, 50
6, 12, 18, 10, 16, 22, 50
6, 12, 18, 10, 16, 24, 30, 36, 50
6, 12, 18, 10, 16, 24, 30, 38, 32, 26, 20, 14
6, 12, 18, 10, 16, 24, 30, 38, 32, 26, 20, 14, 50
6, 12, 18, 10, 16, 24, 30, 38, 32, 26, 20, 28, 50
6, 12, 18, 10, 16, 24, 30, 38, 32, 26, 34, 28, 50
6, 12, 18, 10, 16, 24, 30, 38, 32, 26, 34, 40, 46, 50
6, 12, 18, 10, 16, 24, 30, 38, 32, 26, 34, 40, 48, 50
6, 12, 18, 10, 16, 24, 30, 38, 32, 26, 34, 42, 50
6, 12, 18, 10, 16, 24, 30, 38, 32, 40, 34, 28, 50
6, 12, 18, 10, 16, 24, 30, 38, 32, 40, 34, 42, 50
6, 12, 18, 10, 16, 24, 30, 38, 32, 40, 46, 50
6, 12, 18, 10, 16, 24, 30, 38, 32, 40, 48, 50
6, 12, 18, 10, 16, 24, 30, 38, 44, 50
6, 12, 18, 10, 16, 24, 30, 38, 46, 50
6, 12, 18, 10, 16, 24, 32, 26, 20, 14
6, 12, 18, 10, 16, 24, 32, 26, 20, 14, 50
6, 12, 18, 10, 16, 24, 32, 26, 20, 28, 50
6, 12, 18, 10, 16, 24, 32, 26, 34, 28, 50
6, 12, 18, 10, 16, 24, 32, 26, 34, 40, 46, 50
6, 12, 18, 10, 16, 24, 32, 26, 34, 40, 48, 50
6, 12, 18, 10, 16, 24, 32, 26, 34, 42, 50
6, 12, 18, 10, 16, 24, 32, 38, 44, 50
6, 12, 18, 10, 16, 24, 32, 38, 46, 50
6, 12, 18, 10, 16, 24, 32, 40, 34, 28, 50
6, 12, 18, 10, 16, 24, 32, 40, 34, 42, 50
6, 12, 18, 10, 16, 24, 32, 40, 46, 50
6, 12, 18, 10, 16, 24, 32, 40, 48, 50
6, 12, 18, 24, 16, 8, 50
6, 12, 18, 24, 16, 22, 50
6, 12, 18, 24, 30, 22, 50
6, 12, 18, 24, 30, 36, 50
6, 12, 18, 24, 30, 38, 32, 26, 20, 14
6, 12, 18, 24, 30, 38, 32, 26, 20, 14, 50
6, 12, 18, 24, 30, 38, 32, 26, 20, 28, 50
6, 12, 18, 24, 30, 38, 32, 26, 34, 28, 50
6, 12, 18, 24, 30, 38, 32, 26, 34, 40, 46, 50
6, 12, 18, 24, 30, 38, 32, 26, 34, 40, 48, 50
6, 12, 18, 24, 30, 38, 32, 26, 34, 42, 50
6, 12, 18, 24, 30, 38, 32, 40, 34, 28, 50
6, 12, 18, 24, 30, 38, 32, 40, 34, 42, 50
6, 12, 18, 24, 30, 38, 32, 40, 46, 50
6, 12, 18, 24, 30, 38, 32, 40, 48, 50
6, 12, 18, 24, 30, 38, 44, 50
6, 12, 18, 24, 30, 38, 46, 50
6, 12, 18, 24, 32, 26, 20, 14
6, 12, 18, 24, 32, 26, 20, 14, 50
6, 12, 18, 24, 32, 26, 20, 28, 50
6, 12, 18, 24, 32, 26, 34, 28, 50
6, 12, 18, 24, 32, 26, 34, 40, 46, 50
6, 12, 18, 24, 32, 26, 34, 40, 48, 50
6, 12, 18, 24, 32, 26, 34, 42, 50
6, 12, 18, 24, 32, 38, 44, 50
6, 12, 18, 24, 32, 38, 46, 50
6, 12, 18, 24, 32, 40, 34, 28, 50
6, 12, 18, 24, 32, 40, 34, 42, 50
6, 12, 18, 24, 32, 40, 46, 50
6, 12, 18, 24, 32, 40, 48, 50
6, 12, 18, 26, 20, 14
6, 12, 18, 26, 20, 14, 50
6, 12, 18, 26, 20, 28, 50
6, 12, 18, 26, 32, 38, 30, 22, 50
6, 12, 18, 26, 32, 38, 30, 36, 50
6, 12, 18, 26, 32, 38, 44, 50
6, 12, 18, 26, 32, 38, 46, 50
6, 12, 18, 26, 32, 40, 34, 28, 50
6, 12, 18, 26, 32, 40, 34, 42, 50
6, 12, 18, 26, 32, 40, 46, 50
6, 12, 18, 26, 32, 40, 48, 50
6, 12, 18, 26, 34, 28, 50
6, 12, 18, 26, 34, 40, 46, 50
6, 12, 18, 26, 34, 40, 48, 50
6, 12, 18, 26, 34, 42, 50
6, 12, 20, 14
6, 12, 20, 14, 50
6, 12, 20, 26, 32, 24, 16, 8, 50
6, 12, 20, 26, 32, 24, 16, 22, 50
6, 12, 20, 26, 32, 24, 30, 22, 50
6, 12, 20, 26, 32, 24, 30, 36, 50
6, 12, 20, 26, 32, 24, 30, 38, 44, 50
6, 12, 20, 26, 32, 24, 30, 38, 46, 50
6, 12, 20, 26, 32, 38, 30, 22, 50
6, 12, 20, 26, 32, 38, 30, 36, 50
6, 12, 20, 26, 32, 38, 44, 50
6, 12, 20, 26, 32, 38, 46, 50
6, 12, 20, 26, 32, 40, 34, 28, 50
6, 12, 20, 26, 32, 40, 34, 42, 50
6, 12, 20, 26, 32, 40, 46, 50
6, 12, 20, 26, 32, 40, 48, 50
6, 12, 20, 26, 34, 28, 50
6, 12, 20, 26, 34, 40, 46, 50
6, 12, 20, 26, 34, 40, 48, 50
6, 12, 20, 26, 34, 42, 50
6, 12, 20, 28, 50
6, 14, 50
7, 13, 19, 11, 17, 9, 15, 50
7, 13, 19, 11, 17, 23, 15, 50
7, 13, 19, 11, 17, 23, 29, 50
7, 13, 19, 11, 17, 23, 31, 25, 33, 27, 21, 50
7, 13, 19, 11, 17, 23, 31, 25, 33, 27, 35, 50
7, 13, 19, 11, 17, 23, 31, 25, 33, 39, 45, 50
7, 13, 19, 11, 17, 23, 31, 25, 33, 39, 47, 50
7, 13, 19, 11, 17, 23, 31, 25, 33, 41, 35, 50
7, 13, 19, 11, 17, 23, 31, 25, 33, 41, 47, 50
7, 13, 19, 11, 17, 23, 31, 25, 33, 41, 49, 50
7, 13, 19, 11, 17, 23, 31, 37, 43, 50
7, 13, 19, 11, 17, 23, 31, 37, 45, 50
7, 13, 19, 11, 17, 23, 31, 39, 33, 27, 21, 50
7, 13, 19, 11, 17, 23, 31, 39, 33, 27, 35, 50
7, 13, 19, 11, 17, 23, 31, 39, 33, 41, 35, 50
7, 13, 19, 11, 17, 23, 31, 39, 33, 41, 47, 50
7, 13, 19, 11, 17, 23, 31, 39, 33, 41, 49, 50
7, 13, 19, 11, 17, 23, 31, 39, 45, 50
7, 13, 19, 11, 17, 23, 31, 39, 47, 50
7, 13, 19, 11, 17, 25, 31, 37, 29, 50
7, 13, 19, 11, 17, 25, 31, 37, 43, 50
7, 13, 19, 11, 17, 25, 31, 37, 45, 50
7, 13, 19, 11, 17, 25, 31, 39, 33, 27, 21, 50
7, 13, 19, 11, 17, 25, 31, 39, 33, 27, 35, 50
7, 13, 19, 11, 17, 25, 31, 39, 33, 41, 35, 50
7, 13, 19, 11, 17, 25, 31, 39, 33, 41, 47, 50
7, 13, 19, 11, 17, 25, 31, 39, 33, 41, 49, 50
7, 13, 19, 11, 17, 25, 31, 39, 45, 50
7, 13, 19, 11, 17, 25, 31, 39, 47, 50
7, 13, 19, 11, 17, 25, 33, 27, 21, 50
7, 13, 19, 11, 17, 25, 33, 27, 35, 50
7, 13, 19, 11, 17, 25, 33, 39, 45, 50
7, 13, 19, 11, 17, 25, 33, 39, 47, 50
7, 13, 19, 11, 17, 25, 33, 41, 35, 50
7, 13, 19, 11, 17, 25, 33, 41, 47, 50
7, 13, 19, 11, 17, 25, 33, 41, 49, 50
7, 13, 19, 25, 17, 9, 15, 50
7, 13, 19, 25, 17, 23, 15, 50
7, 13, 19, 25, 17, 23, 29, 50
7, 13, 19, 25, 17, 23, 31, 37, 43, 50
7, 13, 19, 25, 17, 23, 31, 37, 45, 50
7, 13, 19, 25, 17, 23, 31, 39, 33, 27, 21, 50
7, 13, 19, 25, 17, 23, 31, 39, 33, 27, 35, 50
7, 13, 19, 25, 17, 23, 31, 39, 33, 41, 35, 50
7, 13, 19, 25, 17, 23, 31, 39, 33, 41, 47, 50
7, 13, 19, 25, 17, 23, 31, 39, 33, 41, 49, 50
7, 13, 19, 25, 17, 23, 31, 39, 45, 50
7, 13, 19, 25, 17, 23, 31, 39, 47, 50
7, 13, 19, 25, 31, 23, 15, 50
7, 13, 19, 25, 31, 23, 29, 50
7, 13, 19, 25, 31, 37, 29, 50
7, 13, 19, 25, 31, 37, 43, 50
7, 13, 19, 25, 31, 37, 45, 50
7, 13, 19, 25, 31, 39, 33, 27, 21, 50
7, 13, 19, 25, 31, 39, 33, 27, 35, 50
7, 13, 19, 25, 31, 39, 33, 41, 35, 50
7, 13, 19, 25, 31, 39, 33, 41, 47, 50
7, 13, 19, 25, 31, 39, 33, 41, 49, 50
7, 13, 19, 25, 31, 39, 45, 50
7, 13, 19, 25, 31, 39, 47, 50
7, 13, 19, 25, 33, 27, 21, 50
7, 13, 19, 25, 33, 27, 35, 50
7, 13, 19, 25, 33, 39, 45, 50
7, 13, 19, 25, 33, 39, 47, 50
7, 13, 19, 25, 33, 41, 35, 50
7, 13, 19, 25, 33, 41, 47, 50
7, 13, 19, 25, 33, 41, 49, 50
7, 13, 19, 27, 21, 50
7, 13, 19, 27, 33, 39, 31, 23, 15, 50
7, 13, 19, 27, 33, 39, 31, 23, 29, 50
7, 13, 19, 27, 33, 39, 31, 37, 29, 50
7, 13, 19, 27, 33, 39, 31, 37, 43, 50
7, 13, 19, 27, 33, 39, 31, 37, 45, 50
7, 13, 19, 27, 33, 39, 45, 50
7, 13, 19, 27, 33, 39, 47, 50
7, 13, 19, 27, 33, 41, 35, 50
7, 13, 19, 27, 33, 41, 47, 50
7, 13, 19, 27, 33, 41, 49, 50
7, 13, 19, 27, 35, 50
7, 13, 21, 50
8, 16, 10, 18, 12, 20, 14, 50
8, 16, 10, 18, 12, 20, 26, 32, 24, 30, 22, 50
8, 16, 10, 18, 12, 20, 26, 32, 24, 30, 36, 50
8, 16, 10, 18, 12, 20, 26, 32, 24, 30, 38, 44, 50
8, 16, 10, 18, 12, 20, 26, 32, 24, 30, 38, 46, 50
8, 16, 10, 18, 12, 20, 26, 32, 38, 30, 22, 50
8, 16, 10, 18, 12, 20, 26, 32, 38, 30, 36, 50
8, 16, 10, 18, 12, 20, 26, 32, 38, 44, 50
8, 16, 10, 18, 12, 20, 26, 32, 38, 46, 50
8, 16, 10, 18, 12, 20, 26, 32, 40, 34, 28, 50
8, 16, 10, 18, 12, 20, 26, 32, 40, 34, 42, 50
8, 16, 10, 18, 12, 20, 26, 32, 40, 46, 50
8, 16, 10, 18, 12, 20, 26, 32, 40, 48, 50
8, 16, 10, 18, 12, 20, 26, 34, 28, 50
8, 16, 10, 18, 12, 20, 26, 34, 40, 46, 50
8, 16, 10, 18, 12, 20, 26, 34, 40, 48, 50
8, 16, 10, 18, 12, 20, 26, 34, 42, 50
8, 16, 10, 18, 12, 20, 28, 50
8, 16, 10, 18, 24, 30, 22, 50
8, 16, 10, 18, 24, 30, 36, 50
8, 16, 10, 18, 24, 30, 38, 32, 26, 20, 14, 50
8, 16, 10, 18, 24, 30, 38, 32, 26, 20, 28, 50
8, 16, 10, 18, 24, 30, 38, 32, 26, 34, 28, 50
8, 16, 10, 18, 24, 30, 38, 32, 26, 34, 40, 46, 50
8, 16, 10, 18, 24, 30, 38, 32, 26, 34, 40, 48, 50
8, 16, 10, 18, 24, 30, 38, 32, 26, 34, 42, 50
8, 16, 10, 18, 24, 30, 38, 32, 40, 34, 28, 50
8, 16, 10, 18, 24, 30, 38, 32, 40, 34, 42, 50
8, 16, 10, 18, 24, 30, 38, 32, 40, 46, 50
8, 16, 10, 18, 24, 30, 38, 32, 40, 48, 50
8, 16, 10, 18, 24, 30, 38, 44, 50
8, 16, 10, 18, 24, 30, 38, 46, 50
8, 16, 10, 18, 24, 32, 26, 20, 14, 50
8, 16, 10, 18, 24, 32, 26, 20, 28, 50
8, 16, 10, 18, 24, 32, 26, 34, 28, 50
8, 16, 10, 18, 24, 32, 26, 34, 40, 46, 50
8, 16, 10, 18, 24, 32, 26, 34, 40, 48, 50
8, 16, 10, 18, 24, 32, 26, 34, 42, 50
8, 16, 10, 18, 24, 32, 38, 44, 50
8, 16, 10, 18, 24, 32, 38, 46, 50
8, 16, 10, 18, 24, 32, 40, 34, 28, 50
8, 16, 10, 18, 24, 32, 40, 34, 42, 50
8, 16, 10, 18, 24, 32, 40, 46, 50
8, 16, 10, 18, 24, 32, 40, 48, 50
8, 16, 10, 18, 26, 20, 14, 50
8, 16, 10, 18, 26, 20, 28, 50
8, 16, 10, 18, 26, 32, 38, 30, 22, 50
8, 16, 10, 18, 26, 32, 38, 30, 36, 50
8, 16, 10, 18, 26, 32, 38, 44, 50
8, 16, 10, 18, 26, 32, 38, 46, 50
8, 16, 10, 18, 26, 32, 40, 34, 28, 50
8, 16, 10, 18, 26, 32, 40, 34, 42, 50
8, 16, 10, 18, 26, 32, 40, 46, 50
8, 16, 10, 18, 26, 32, 40, 48, 50
8, 16, 10, 18, 26, 34, 28, 50
8, 16, 10, 18, 26, 34, 40, 46, 50
8, 16, 10, 18, 26, 34, 40, 48, 50
8, 16, 10, 18, 26, 34, 42, 50
8, 16, 22, 50
8, 16, 24, 18, 12, 20, 14, 50
8, 16, 24, 18, 12, 20, 26, 32, 38, 30, 36, 50
8, 16, 24, 18, 12, 20, 26, 32, 38, 44, 50
8, 16, 24, 18, 12, 20, 26, 32, 38, 46, 50
8, 16, 24, 18, 12, 20, 26, 32, 40, 34, 28, 50
8, 16, 24, 18, 12, 20, 26, 32, 40, 34, 42, 50
8, 16, 24, 18, 12, 20, 26, 32, 40, 46, 50
8, 16, 24, 18, 12, 20, 26, 32, 40, 48, 50
8, 16, 24, 18, 12, 20, 26, 34, 28, 50
8, 16, 24, 18, 12, 20, 26, 34, 40, 46, 50
8, 16, 24, 18, 12, 20, 26, 34, 40, 48, 50
8, 16, 24, 18, 12, 20, 26, 34, 42, 50
8, 16, 24, 18, 12, 20, 28, 50
8, 16, 24, 18, 26, 20, 14, 50
8, 16, 24, 18, 26, 20, 28, 50
8, 16, 24, 18, 26, 32, 38, 30, 36, 50
8, 16, 24, 18, 26, 32, 38, 44, 50
8, 16, 24, 18, 26, 32, 38, 46, 50
8, 16, 24, 18, 26, 32, 40, 34, 28, 50
8, 16, 24, 18, 26, 32, 40, 34, 42, 50
8, 16, 24, 18, 26, 32, 40, 46, 50
8, 16, 24, 18, 26, 32, 40, 48, 50
8, 16, 24, 18, 26, 34, 28, 50
8, 16, 24, 18, 26, 34, 40, 46, 50
8, 16, 24, 18, 26, 34, 40, 48, 50
8, 16, 24, 18, 26, 34, 42, 50
8, 16, 24, 30, 36, 50
8, 16, 24, 30, 38, 32, 26, 20, 14, 50
8, 16, 24, 30, 38, 32, 26, 20, 28, 50
8, 16, 24, 30, 38, 32, 26, 34, 28, 50
8, 16, 24, 30, 38, 32, 26, 34, 40, 46, 50
8, 16, 24, 30, 38, 32, 26, 34, 40, 48, 50
8, 16, 24, 30, 38, 32, 26, 34, 42, 50
8, 16, 24, 30, 38, 32, 40, 34, 28, 50
8, 16, 24, 30, 38, 32, 40, 34, 42, 50
8, 16, 24, 30, 38, 32, 40, 46, 50
8, 16, 24, 30, 38, 32, 40, 48, 50
8, 16, 24, 30, 38, 44, 50
8, 16, 24, 30, 38, 46, 50
8, 16, 24, 32, 26, 20, 14, 50
8, 16, 24, 32, 26, 20, 28, 50
8, 16, 24, 32, 26, 34, 28, 50
8, 16, 24, 32, 26, 34, 40, 46, 50
8, 16, 24, 32, 26, 34, 40, 48, 50
8, 16, 24, 32, 26, 34, 42, 50
8, 16, 24, 32, 38, 44, 50
8, 16, 24, 32, 38, 46, 50
8, 16, 24, 32, 40, 34, 28, 50
8, 16, 24, 32, 40, 34, 42, 50
8, 16, 24, 32, 40, 46, 50
8, 16, 24, 32, 40, 48, 50
9, 15, 23, 17
10, 16, 22, 30, 24, 18
10, 16, 22, 30, 38, 32, 26, 18
10, 16, 24, 18
11, 17, 23, 29, 37, 31, 25, 19
11, 17, 23, 29, 37, 31, 39, 33, 27, 19
11, 17, 23, 31, 25, 19
11, 17, 23, 31, 37, 45, 39, 33, 27, 19
11, 17, 23, 31, 39, 33, 27, 19
11, 17, 25, 19
12, 18, 24, 16, 22, 30, 38, 32, 26, 20
12, 18, 24, 30, 38, 32, 26, 20
12, 18, 24, 30, 38, 32, 40, 34, 28, 20
12, 18, 24, 30, 38, 46, 40, 34, 26, 20
12, 18, 24, 32, 26, 20
12, 18, 24, 32, 40, 34, 28, 20
12, 18, 26, 20
13, 19, 25, 17, 23, 15, 50, 21
13, 19, 25, 17, 23, 29, 37, 31, 39, 33, 27, 21
13, 19, 25, 17, 23, 29, 50, 21
13, 19, 25, 17, 23, 31, 37, 43, 50, 21
13, 19, 25, 17, 23, 31, 37, 45, 39, 33, 27, 21
13, 19, 25, 17, 23, 31, 37, 45, 50, 21
13, 19, 25, 17, 23, 31, 39, 33, 27, 21
13, 19, 25, 17, 23, 31, 39, 33, 41, 35, 50, 21
13, 19, 25, 17, 23, 31, 39, 33, 41, 47, 50, 21
13, 19, 25, 17, 23, 31, 39, 33, 41, 49, 50, 21
13, 19, 25, 17, 23, 31, 39, 45, 50, 21
13, 19, 25, 17, 23, 31, 39, 47, 50, 21
13, 19, 25, 31, 23, 15, 50, 21
13, 19, 25, 31, 23, 29, 50, 21
13, 19, 25, 31, 37, 29, 50, 21
13, 19, 25, 31, 37, 43, 50, 21
13, 19, 25, 31, 37, 45, 39, 33, 27, 21
13, 19, 25, 31, 37, 45, 50, 21
13, 19, 25, 31, 39, 33, 27, 21
13, 19, 25, 31, 39, 33, 41, 35, 50, 21
13, 19, 25, 31, 39, 33, 41, 47, 50, 21
13, 19, 25, 31, 39, 33, 41, 49, 50, 21
13, 19, 25, 31, 39, 45, 50, 21
13, 19, 25, 31, 39, 47, 50, 21
13, 19, 25, 33, 27, 21
13, 19, 25, 33, 39, 45, 50, 21
13, 19, 25, 33, 39, 47, 50, 21
13, 19, 25, 33, 41, 35, 50, 21
13, 19, 25, 33, 41, 47, 50, 21
13, 19, 25, 33, 41, 49, 50, 21
13, 19, 27, 21
14, 20, 26, 18, 24, 16, 22, 50
14, 20, 26, 18, 24, 30, 22, 50
14, 20, 26, 18, 24, 30, 36, 50
14, 20, 26, 18, 24, 30, 38, 32, 40, 34, 28, 50
14, 20, 26, 18, 24, 30, 38, 32, 40, 34, 42, 50
14, 20, 26, 18, 24, 30, 38, 32, 40, 46, 50
14, 20, 26, 18, 24, 30, 38, 32, 40, 48, 50
14, 20, 26, 18, 24, 30, 38, 44, 50
14, 20, 26, 18, 24, 30, 38, 46, 50
14, 20, 26, 18, 24, 32, 38, 44, 50
14, 20, 26, 18, 24, 32, 38, 46, 50
14, 20, 26, 18, 24, 32, 40, 34, 28, 50
14, 20, 26, 18, 24, 32, 40, 34, 42, 50
14, 20, 26, 18, 24, 32, 40, 46, 50
14, 20, 26, 18, 24, 32, 40, 48, 50
14, 20, 26, 32, 24, 16, 22, 50
14, 20, 26, 32, 24, 30, 22, 50
14, 20, 26, 32, 24, 30, 36, 50
14, 20, 26, 32, 24, 30, 38, 44, 50
14, 20, 26, 32, 24, 30, 38, 46, 50
14, 20, 26, 32, 38, 30, 22, 50
14, 20, 26, 32, 38, 30, 36, 50
14, 20, 26, 32, 38, 44, 50
14, 20, 26, 32, 38, 46, 50
14, 20, 26, 32, 40, 34, 28, 50
14, 20, 26, 32, 40, 34, 42, 50
14, 20, 26, 32, 40, 46, 50
14, 20, 26, 32, 40, 48, 50
14, 20, 26, 34, 28, 50
14, 20, 26, 34, 40, 46, 50
14, 20, 26, 34, 40, 48, 50
14, 20, 26, 34, 42, 50
14, 20, 28, 50
15, 23, 17, 25, 19, 27, 21, 50
15, 23, 17, 25, 19, 27, 33, 39, 31, 37, 29, 50
15, 23, 17, 25, 19, 27, 33, 39, 31, 37, 43, 50
15, 23, 17, 25, 19, 27, 33, 39, 31, 37, 45, 50
15, 23, 17, 25, 19, 27, 33, 39, 45, 50
15, 23, 17, 25, 19, 27, 33, 39, 47, 50
15, 23, 17, 25, 19, 27, 33, 41, 35, 50
15, 23, 17, 25, 19, 27, 33, 41, 47, 50
15, 23, 17, 25, 19, 27, 33, 41, 49, 50
15, 23, 17, 25, 19, 27, 35, 50
15, 23, 17, 25, 31, 37, 29, 50
15, 23, 17, 25, 31, 37, 43, 50
15, 23, 17, 25, 31, 37, 45, 50
15, 23, 17, 25, 31, 39, 33, 27, 21, 50
15, 23, 17, 25, 31, 39, 33, 27, 35, 50
15, 23, 17, 25, 31, 39, 33, 41, 35, 50
15, 23, 17, 25, 31, 39, 33, 41, 47, 50
15, 23, 17, 25, 31, 39, 33, 41, 49, 50
15, 23, 17, 25, 31, 39, 45, 50
15, 23, 17, 25, 31, 39, 47, 50
15, 23, 17, 25, 33, 27, 21, 50
15, 23, 17, 25, 33, 27, 35, 50
15, 23, 17, 25, 33, 39, 45, 50
15, 23, 17, 25, 33, 39, 47, 50
15, 23, 17, 25, 33, 41, 35, 50
15, 23, 17, 25, 33, 41, 47, 50
15, 23, 17, 25, 33, 41, 49, 50
15, 23, 29, 50
15, 23, 31, 25, 19, 27, 21, 50
15, 23, 31, 25, 19, 27, 33, 39, 45, 50
15, 23, 31, 25, 19, 27, 33, 39, 47, 50
15, 23, 31, 25, 19, 27, 33, 41, 35, 50
15, 23, 31, 25, 19, 27, 33, 41, 47, 50
15, 23, 31, 25, 19, 27, 33, 41, 49, 50
15, 23, 31, 25, 19, 27, 35, 50
15, 23, 31, 25, 33, 27, 21, 50
15, 23, 31, 25, 33, 27, 35, 50
15, 23, 31, 25, 33, 39, 45, 50
15, 23, 31, 25, 33, 39, 47, 50
15, 23, 31, 25, 33, 41, 35, 50
15, 23, 31, 25, 33, 41, 47, 50
15, 23, 31, 25, 33, 41, 49, 50
15, 23, 31, 37, 43, 50
15, 23, 31, 37, 45, 50
15, 23, 31, 39, 33, 27, 21, 50
15, 23, 31, 39, 33, 27, 35, 50
15, 23, 31, 39, 33, 41, 35, 50
15, 23, 31, 39, 33, 41, 47, 50
15, 23, 31, 39, 33, 41, 49, 50
15, 23, 31, 39, 45, 50
15, 23, 31, 39, 47, 50
16, 22, 30, 24
17, 23, 29, 37, 31, 25
17, 23, 31, 25
18, 24, 30, 38, 32, 26
18, 24, 30, 38, 46, 40, 34, 26
18, 24, 32, 26
19, 25, 31, 37, 45, 39, 33, 27
19, 25, 31, 39, 33, 27
19, 25, 33, 27
20, 26, 32, 24, 30, 22, 50, 28
20, 26, 32, 24, 30, 36, 50, 28
20, 26, 32, 24, 30, 38, 44, 50, 28
20, 26, 32, 24, 30, 38, 46, 40, 34, 28
20, 26, 32, 24, 30, 38, 46, 50, 28
20, 26, 32, 38, 30, 22, 50, 28
20, 26, 32, 38, 30, 36, 50, 28
20, 26, 32, 38, 44, 50, 28
20, 26, 32, 38, 46, 40, 34, 28
20, 26, 32, 38, 46, 50, 28
20, 26, 32, 40, 34, 28
20, 26, 32, 40, 46, 50, 28
20, 26, 32, 40, 48, 50, 28
20, 26, 34, 28
21, 27, 33, 25, 31, 23, 29, 50
21, 27, 33, 25, 31, 37, 29, 50
21, 27, 33, 25, 31, 37, 43, 50
21, 27, 33, 25, 31, 37, 45, 50
21, 27, 33, 25, 31, 39, 45, 50
21, 27, 33, 25, 31, 39, 47, 50
21, 27, 33, 39, 31, 23, 29, 50
21, 27, 33, 39, 31, 37, 29, 50
21, 27, 33, 39, 31, 37, 43, 50
21, 27, 33, 39, 31, 37, 45, 50
21, 27, 33, 39, 45, 50
21, 27, 33, 39, 47, 50
21, 27, 33, 41, 35, 50
21, 27, 33, 41, 47, 50
21, 27, 33, 41, 49, 50
21, 27, 35, 50
22, 30, 24, 32, 26, 34, 28, 50
22, 30, 24, 32, 26, 34, 40, 46, 50
22, 30, 24, 32, 26, 34, 40, 48, 50
22, 30, 24, 32, 26, 34, 42, 50
22, 30, 24, 32, 38, 44, 50
22, 30, 24, 32, 38, 46, 50
22, 30, 24, 32, 40, 34, 28, 50
22, 30, 24, 32, 40, 34, 42, 50
22, 30, 24, 32, 40, 46, 50
22, 30, 24, 32, 40, 48, 50
22, 30, 36, 50
22, 30, 38, 32, 26, 34, 28, 50
22, 30, 38, 32, 26, 34, 40, 46, 50
22, 30, 38, 32, 26, 34, 40, 48, 50
22, 30, 38, 32, 26, 34, 42, 50
22, 30, 38, 32, 40, 34, 28, 50
22, 30, 38, 32, 40, 34, 42, 50
22, 30, 38, 32, 40, 46, 50
22, 30, 38, 32, 40, 48, 50
22, 30, 38, 44, 50
22, 30, 38, 46, 50
23, 29, 37, 31
24, 30, 38, 32
25, 31, 37, 45, 39, 33
25, 31, 39, 33
26, 32, 38, 46, 40, 34
26, 32, 40, 34
27, 33, 39, 31, 37, 29, 50, 35
27, 33, 39, 31, 37, 43, 50, 35
27, 33, 39, 31, 37, 45, 50, 35
27, 33, 39, 45, 50, 35
27, 33, 39, 47, 41, 35
27, 33, 39, 47, 50, 35
27, 33, 41, 35
28, 34, 40, 32, 38, 30, 36, 50
28, 34, 40, 32, 38, 44, 50
28, 34, 40, 32, 38, 46, 50
28, 34, 40, 46, 50
28, 34, 40, 48, 50
28, 34, 42, 50
29, 37, 31, 39, 33, 41, 35, 50
29, 37, 31, 39, 33, 41, 47, 50
29, 37, 31, 39, 33, 41, 49, 50
29, 37, 31, 39, 45, 50
29, 37, 31, 39, 47, 50
29, 37, 43, 50
29, 37, 45, 50
31, 37, 45, 39
32, 38, 46, 40
33, 39, 47, 41
34, 40, 46, 50, 42
34, 40, 48, 42
35, 41, 47, 50
35, 41, 49, 50
36, 44, 50
37, 43, 50, 45
38, 44, 50, 46
39, 45, 50, 47
40, 46, 50, 48
41, 47, 50, 49
42, 48, 50
