1, 8, 3, 31
1, 8, 13, 31
1, 8, 15, 10, 5, 31
1, 8, 15, 10, 17, 12, 31
1, 8, 15, 10, 17, 22, 27, 31
1, 8, 15, 10, 17, 22, 29, 31
1, 8, 15, 10, 17, 24, 31
1, 8, 15, 20, 25, 31
1, 8, 15, 20, 27, 31
1, 8, 15, 22, 17, 12, 31
1, 8, 15, 22, 17, 24, 31
1, 8, 15, 22, 27, 31
1, 8, 15, 22, 29, 31
2, 7, 31
2, 9, 4, 31
2, 9, 14, 19, 31
2, 9, 14, 21, 16, 11, 6, 31
2, 9, 14, 21, 16, 11, 18, 31
2, 9, 14, 21, 16, 23, 18, 31
2, 9, 14, 21, 16, 23, 28, 31
2, 9, 14, 21, 16, 23, 30, 31
2, 9, 14, 21, 26, 31
2, 9, 14, 21, 28, 31
2, 9, 16, 11, 6, 31
2, 9, 16, 11, 18, 31
2, 9, 16, 21, 26, 31
2, 9, 16, 21, 28, 31
2, 9, 16, 23, 18, 31
2, 9, 16, 23, 28, 31
2, 9, 16, 23, 30, 31
3, 8, 13, 31
3, 8, 15, 10
3, 8, 15, 10, 5, 31
3, 8, 15, 10, 17, 12, 31
3, 8, 15, 10, 17, 22, 27, 31
3, 8, 15, 10, 17, 22, 29, 31
3, 8, 15, 10, 17, 24, 31
3, 8, 15, 20, 25, 31
3, 8, 15, 20, 27, 31
3, 8, 15, 22, 17, 12, 31
3, 8, 15, 22, 17, 24, 31
3, 8, 15, 22, 27, 31
3, 8, 15, 22, 29, 31
3, 10, 5, 31
3, 10, 15, 20, 13, 31
3, 10, 15, 20, 25, 31
3, 10, 15, 20, 27, 31
3, 10, 15, 22, 17, 12, 31
3, 10, 15, 22, 17, 24, 31
3, 10, 15, 22, 27, 31
3, 10, 15, 22, 29, 31
3, 10, 17, 12, 31
3, 10, 17, 22, 27, 31
3, 10, 17, 22, 29, 31
3, 10, 17, 24, 31
4, 9, 14, 7, 31
4, 9, 14, 19, 31
4, 9, 14, 21, 16, 11
4, 9, 14, 21, 16, 11, 6, 31
4, 9, 14, 21, 16, 11, 18, 31
4, 9, 14, 21, 16, 23, 18, 31
4, 9, 14, 21, 16, 23, 28, 31
4, 9, 14, 21, 16, 23, 30, 31
4, 9, 14, 21, 26, 31
4, 9, 14, 21, 28, 31
4, 9, 16, 11
4, 9, 16, 11, 6, 31
4, 9, 16, 11, 18, 31
4, 9, 16, 21, 26, 31
4, 9, 16, 21, 28, 31
4, 9, 16, 23, 18, 31
4, 9, 16, 23, 28, 31
4, 9, 16, 23, 30, 31
4, 11, 6, 31
4, 11, 16, 21, 14, 7, 31
4, 11, 16, 21, 14, 19, 31
4, 11, 16, 21, 26, 31
4, 11, 16, 21, 28, 31
4, 11, 16, 23, 18, 31
4, 11, 16, 23, 28, 31
4, 11, 16, 23, 30, 31
4, 11, 18, 31
5, 10, 15, 8, 13, 31
5, 10, 15, 20, 13, 31
5, 10, 15, 20, 25, 31
5, 10, 15, 20, 27, 31
5, 10, 15, 22, 17, 12
5, 10, 15, 22, 17, 12, 31
5, 10, 15, 22, 17, 24, 31
5, 10, 15, 22, 27, 31
5, 10, 15, 22, 29, 31
5, 10, 17, 12
5, 10, 17, 12, 31
5, 10, 17, 22, 27, 31
5, 10, 17, 22, 29, 31
5, 10, 17, 24, 31
5, 12, 31
6, 11, 16, 9, 14, 7, 31
6, 11, 16, 9, 14, 19, 31
6, 11, 16, 9, 14, 21, 26, 31
6, 11, 16, 9, 14, 21, 28, 31
6, 11, 16, 21, 14, 7, 31
6, 11, 16, 21, 14, 19, 31
6, 11, 16, 21, 26, 31
6, 11, 16, 21, 28, 31
6, 11, 16, 23, 18, 31
6, 11, 16, 23, 28, 31
6, 11, 16, 23, 30, 31
6, 11, 18, 31
7, 14, 9, 16, 11, 18, 31
7, 14, 9, 16, 21, 26, 31
7, 14, 9, 16, 21, 28, 31
7, 14, 9, 16, 23, 18, 31
7, 14, 9, 16, 23, 28, 31
7, 14, 9, 16, 23, 30, 31
7, 14, 19, 31
7, 14, 21, 16, 11, 18, 31
7, 14, 21, 16, 23, 18, 31
7, 14, 21, 16, 23, 28, 31
7, 14, 21, 16, 23, 30, 31
7, 14, 21, 26, 31
7, 14, 21, 28, 31
8, 13, 20, 15
9, 14, 21, 16
10, 15, 20, 27, 22, 17
10, 15, 22, 17
11, 16, 21, 14, 19, 31, 18
11, 16, 21, 26, 31, 18
11, 16, 21, 28, 23, 18
11, 16, 21, 28, 31, 18
11, 16, 23, 18
12, 17, 22, 15, 20, 13, 31
12, 17, 22, 15, 20, 25, 31
12, 17, 22, 15, 20, 27, 31
12, 17, 22, 27, 31
12, 17, 22, 29, 31
12, 17, 24, 31
13, 20, 15, 22, 17, 24, 31
13, 20, 15, 22, 27, 31
13, 20, 15, 22, 29, 31
13, 20, 25, 31
13, 20, 27, 31
15, 20, 27, 22
16, 21, 28, 23
17, 22, 27, 31, 24
17, 22, 29, 24
18, 23, 28, 31
18, 23, 30, 31
19, 26, 31
20, 25, 31, 27
21, 26, 31, 28
22, 27, 31, 29
23, 28, 31, 30
24, 29, 31
