1, 8, 3, 25
1, 8, 13, 25
1, 8, 15, 10, 5, 25
1, 8, 15, 10, 17, 12, 25
1, 8, 15, 10, 17, 22, 25
1, 8, 15, 10, 17, 24, 25
1, 8, 15, 20, 25
1, 8, 15, 22, 25
2, 7, 25
2, 9, 4, 25
2, 9, 14, 19, 25
2, 9, 14, 21, 25
2, 9, 16, 11, 6, 25
2, 9, 16, 11, 18, 25
2, 9, 16, 21, 25
2, 9, 16, 23, 25
3, 8, 13, 25
3, 8, 15, 10
3, 8, 15, 10, 5, 25
3, 8, 15, 10, 17, 12, 25
3, 8, 15, 10, 17, 22, 25
3, 8, 15, 10, 17, 24, 25
3, 8, 15, 20, 25
3, 8, 15, 22, 25
3, 10, 5, 25
3, 10, 15, 20, 25
3, 10, 15, 22, 25
3, 10, 17, 12, 25
3, 10, 17, 22, 25
3, 10, 17, 24, 25
4, 9, 14, 7, 25
4, 9, 14, 19, 25
4, 9, 14, 21, 25
4, 9, 16, 11
4, 9, 16, 11, 6, 25
4, 9, 16, 11, 18, 25
4, 9, 16, 21, 25
4, 9, 16, 23, 25
4, 11, 6, 25
4, 11, 16, 21, 25
4, 11, 16, 23, 25
4, 11, 18, 25
5, 10, 15, 8, 13, 25
5, 10, 15, 20, 25
5, 10, 15, 22, 25
5, 10, 17, 12
5, 10, 17, 12, 25
5, 10, 17, 22, 25
5, 10, 17, 24, 25
5, 12, 25
6, 11, 16, 9, 14, 7, 25
6, 11, 16, 9, 14, 19, 25
6, 11, 16, 9, 14, 21, 25
6, 11, 16, 21, 25
6, 11, 16, 23, 25
6, 11, 18, 25
7, 14, 9, 16, 11, 18, 25
7, 14, 9, 16, 21, 25
7, 14, 9, 16, 23, 25
7, 14, 19, 25
7, 14, 21, 25
9, 14, 21, 16
10, 15, 22, 17
11, 16, 21, 25, 18
11, 16, 23, 18
12, 17, 22, 25
12, 17, 24, 25
13, 20, 25
14, 19, 25, 21
15, 20, 25, 22
16, 21, 25, 23
17, 22, 25, 24
18, 23, 25
