1, 9, 3, 29
1, 9, 15, 29
1, 9, 17, 11, 5, 29
1, 9, 17, 11, 19, 13, 7, 29
1, 9, 17, 11, 19, 13, 21, 29
1, 9, 17, 11, 19, 25, 29
1, 9, 17, 11, 19, 27, 29
1, 9, 17, 23, 29
1, 9, 17, 25, 29
2, 8, 29
2, 10, 4, 29
2, 10, 16, 22, 29
2, 10, 16, 24, 29
2, 10, 18, 12, 6, 29
2, 10, 18, 12, 20, 14, 29
2, 10, 18, 12, 20, 26, 29
2, 10, 18, 12, 20, 28, 29
2, 10, 18, 24, 29
2, 10, 18, 26, 29
3, 9, 15, 29
3, 9, 17, 11
3, 9, 17, 11, 5, 29
3, 9, 17, 11, 19, 13, 7, 29
3, 9, 17, 11, 19, 13, 21, 29
3, 9, 17, 11, 19, 25, 29
3, 9, 17, 11, 19, 27, 29
3, 9, 17, 23, 29
3, 9, 17, 25, 29
3, 11, 5, 29
3, 11, 17, 23, 29
3, 11, 17, 25, 29
3, 11, 19, 13, 7, 29
3, 11, 19, 13, 21, 29
3, 11, 19, 25, 29
3, 11, 19, 27, 29
4, 10, 16, 8, 29
4, 10, 16, 22, 29
4, 10, 16, 24, 29
4, 10, 18, 12
4, 10, 18, 12, 6, 29
4, 10, 18, 12, 20, 14, 29
4, 10, 18, 12, 20, 26, 29
4, 10, 18, 12, 20, 28, 29
4, 10, 18, 24, 29
4, 10, 18, 26, 29
4, 12, 6, 29
4, 12, 18, 24, 29
4, 12, 18, 26, 29
4, 12, 20, 14, 29
4, 12, 20, 26, 29
4, 12, 20, 28, 29
5, 11, 17, 9, 15, 29
5, 11, 17, 23, 29
5, 11, 17, 25, 29
5, 11, 19, 13
5, 11, 19, 13, 7, 29
5, 11, 19, 13, 21, 29
5, 11, 19, 25, 29
5, 11, 19, 27, 29
5, 13, 7, 29
5, 13, 19, 25, 29
5, 13, 19, 27, 29
5, 13, 21, 29
6, 12, 18, 10, 16, 8, 29
6, 12, 18, 10, 16, 22, 29
6, 12, 18, 10, 16, 24, 29
6, 12, 18, 24, 29
6, 12, 18, 26, 29
6, 12, 20, 14
6, 12, 20, 14, 29
6, 12, 20, 26, 29
6, 12, 20, 28, 29
6, 14, 29
7, 13, 19, 11, 17, 9, 15, 29
7, 13, 19, 11, 17, 23, 29
7, 13, 19, 11, 17, 25, 29
7, 13, 19, 25, 29
7, 13, 19, 27, 29
7, 13, 21, 29
8, 16, 10, 18, 12, 20, 14, 29
8, 16, 10, 18, 12, 20, 26, 29
8, 16, 10, 18, 12, 20, 28, 29
8, 16, 10, 18, 24, 29
8, 16, 10, 18, 26, 29
8, 16, 22, 29
8, 16, 24, 29
10, 16, 24, 18
11, 17, 25, 19
12, 18, 26, 20
13, 19, 25, 29, 21
13, 19, 27, 21
14, 20, 26, 29
14, 20, 28, 29
15, 23, 29
16, 22, 29, 24
17, 23, 29, 25
18, 24, 29, 26
19, 25, 29, 27
20, 26, 29, 28
21, 27, 29
