1, 6, 3, 33
1, 6, 9, 33
1, 6, 11, 8, 33
1, 6, 11, 14, 17, 33
1, 6, 11, 14, 19, 16, 33
1, 6, 11, 14, 19, 22, 25, 33
1, 6, 11, 14, 19, 22, 27, 24, 33
1, 6, 11, 14, 19, 22, 27, 30, 33
1, 6, 11, 14, 19, 22, 27, 32, 33
1, 6, 11, 14, 19, 24, 33
1, 6, 11, 16, 33
2, 5, 33
2, 7, 4, 33
2, 7, 10, 13, 33
2, 7, 10, 15, 12, 33
2, 7, 10, 15, 18, 21, 33
2, 7, 10, 15, 18, 23, 20, 33
2, 7, 10, 15, 18, 23, 26, 29, 33
2, 7, 10, 15, 18, 23, 26, 31, 33
2, 7, 10, 15, 18, 23, 28, 33
2, 7, 10, 15, 20, 33
2, 7, 12, 33
3, 6, 9, 33
3, 6, 11, 8
3, 6, 11, 8, 33
3, 6, 11, 14, 17, 33
3, 6, 11, 14, 19, 16, 33
3, 6, 11, 14, 19, 22, 25, 33
3, 6, 11, 14, 19, 22, 27, 24, 33
3, 6, 11, 14, 19, 22, 27, 30, 33
3, 6, 11, 14, 19, 22, 27, 32, 33
3, 6, 11, 14, 19, 24, 33
3, 6, 11, 16, 33
3, 8, 33
4, 7, 10, 5, 33
4, 7, 10, 13, 33
4, 7, 10, 15, 12, 33
4, 7, 10, 15, 18, 21, 33
4, 7, 10, 15, 18, 23, 20, 33
4, 7, 10, 15, 18, 23, 26, 29, 33
4, 7, 10, 15, 18, 23, 26, 31, 33
4, 7, 10, 15, 18, 23, 28, 33
4, 7, 10, 15, 20, 33
4, 7, 12, 33
5, 10, 7, 12, 33
5, 10, 13, 33
5, 10, 15, 12, 33
5, 10, 15, 18, 21, 33
5, 10, 15, 18, 23, 20, 33
5, 10, 15, 18, 23, 26, 29, 33
5, 10, 15, 18, 23, 26, 31, 33
5, 10, 15, 18, 23, 28, 33
5, 10, 15, 20, 33
6, 9, 14, 11
7, 10, 13, 18, 15, 12
7, 10, 13, 33, 12
7, 10, 15, 12
8, 11, 14, 9, 33
8, 11, 14, 17, 33
8, 11, 14, 19, 16, 33
8, 11, 14, 19, 22, 25, 33
8, 11, 14, 19, 22, 27, 24, 33
8, 11, 14, 19, 22, 27, 30, 33
8, 11, 14, 19, 22, 27, 32, 33
8, 11, 14, 19, 24, 33
8, 11, 16, 33
9, 14, 11, 16, 33
9, 14, 17, 33
9, 14, 19, 16, 33
9, 14, 19, 22, 25, 33
9, 14, 19, 22, 27, 24, 33
9, 14, 19, 22, 27, 30, 33
9, 14, 19, 22, 27, 32, 33
9, 14, 19, 24, 33
10, 13, 18, 15
11, 14, 17, 22, 19, 16
11, 14, 17, 33, 16
11, 14, 19, 16
12, 15, 18, 13, 33
12, 15, 18, 21, 33
12, 15, 18, 23, 20, 33
12, 15, 18, 23, 26, 29, 33
12, 15, 18, 23, 26, 31, 33
12, 15, 18, 23, 28, 33
12, 15, 20, 33
13, 18, 15, 20, 33
13, 18, 21, 33
13, 18, 23, 20, 33
13, 18, 23, 26, 29, 33
13, 18, 23, 26, 31, 33
13, 18, 23, 28, 33
14, 17, 22, 19
15, 18, 21, 26, 23, 20
15, 18, 21, 33, 20
15, 18, 23, 20
16, 19, 22, 17, 33
16, 19, 22, 25, 33
16, 19, 22, 27, 24, 33
16, 19, 22, 27, 30, 33
16, 19, 22, 27, 32, 33
16, 19, 24, 33
17, 22, 19, 24, 33
17, 22, 25, 33
17, 22, 27, 24, 33
17, 22, 27, 30, 33
17, 22, 27, 32, 33
18, 21, 26, 23
19, 22, 25, 33, 24
19, 22, 27, 24
20, 23, 26, 21, 33
20, 23, 26, 29, 33
20, 23, 26, 31, 33
20, 23, 28, 33
21, 26, 23, 28, 33
21, 26, 29, 33
21, 26, 31, 33
23, 26, 29, 33, 28
23, 26, 31, 28
24, 27, 30, 33
24, 27, 32, 33
25, 30, 33
26, 29, 33, 31
27, 30, 33, 32
28, 31, 33
