1, 8, 3, 37
1, 8, 13, 37
1, 8, 15, 10, 5, 37
1, 8, 15, 10, 17, 12, 37
1, 8, 15, 10, 17, 22, 27, 20, 25, 37
1, 8, 15, 10, 17, 22, 27, 32, 37
1, 8, 15, 10, 17, 22, 27, 34, 37
1, 8, 15, 10, 17, 22, 29, 24, 37
1, 8, 15, 10, 17, 22, 29, 34, 37
1, 8, 15, 10, 17, 22, 29, 36, 37
1, 8, 15, 10, 17, 24, 37
1, 8, 15, 20, 25, 37
1, 8, 15, 20, 27, 22, 17, 12, 37
1, 8, 15, 20, 27, 22, 17, 24, 37
1, 8, 15, 20, 27, 22, 29, 24, 37
1, 8, 15, 20, 27, 22, 29, 34, 37
1, 8, 15, 20, 27, 22, 29, 36, 37
1, 8, 15, 20, 27, 32, 37
1, 8, 15, 20, 27, 34, 37
1, 8, 15, 22, 17, 12, 37
1, 8, 15, 22, 17, 24, 37
1, 8, 15, 22, 27, 32, 37
1, 8, 15, 22, 27, 34, 37
1, 8, 15, 22, 29, 24, 37
1, 8, 15, 22, 29, 34, 37
1, 8, 15, 22, 29, 36, 37
2, 7, 37
2, 9, 4, 37
2, 9, 14, 19, 37
2, 9, 14, 21, 16, 11, 6, 37
2, 9, 14, 21, 16, 11, 18, 37
2, 9, 14, 21, 16, 23, 18, 37
2, 9, 14, 21, 16, 23, 28, 33, 37
2, 9, 14, 21, 16, 23, 28, 35, 37
2, 9, 14, 21, 16, 23, 30, 37
2, 9, 14, 21, 26, 31, 37
2, 9, 14, 21, 26, 33, 37
2, 9, 14, 21, 28, 23, 18, 37
2, 9, 14, 21, 28, 23, 30, 37
2, 9, 14, 21, 28, 33, 37
2, 9, 14, 21, 28, 35, 37
2, 9, 16, 11, 6, 37
2, 9, 16, 11, 18, 37
2, 9, 16, 21, 26, 19, 37
2, 9, 16, 21, 26, 31, 37
2, 9, 16, 21, 26, 33, 37
2, 9, 16, 21, 28, 23, 18, 37
2, 9, 16, 21, 28, 23, 30, 37
2, 9, 16, 21, 28, 33, 37
2, 9, 16, 21, 28, 35, 37
2, 9, 16, 23, 18, 37
2, 9, 16, 23, 28, 33, 37
2, 9, 16, 23, 28, 35, 37
2, 9, 16, 23, 30, 37
3, 8, 13, 37
3, 8, 15, 10
3, 8, 15, 10, 5, 37
3, 8, 15, 10, 17, 12, 37
3, 8, 15, 10, 17, 22, 27, 20, 25, 37
3, 8, 15, 10, 17, 22, 27, 32, 37
3, 8, 15, 10, 17, 22, 27, 34, 37
3, 8, 15, 10, 17, 22, 29, 24, 37
3, 8, 15, 10, 17, 22, 29, 34, 37
3, 8, 15, 10, 17, 22, 29, 36, 37
3, 8, 15, 10, 17, 24, 37
3, 8, 15, 20, 25, 37
3, 8, 15, 20, 27, 22, 17, 12, 37
3, 8, 15, 20, 27, 22, 17, 24, 37
3, 8, 15, 20, 27, 22, 29, 24, 37
3, 8, 15, 20, 27, 22, 29, 34, 37
3, 8, 15, 20, 27, 22, 29, 36, 37
3, 8, 15, 20, 27, 32, 37
3, 8, 15, 20, 27, 34, 37
3, 8, 15, 22, 17, 12, 37
3, 8, 15, 22, 17, 24, 37
3, 8, 15, 22, 27, 32, 37
3, 8, 15, 22, 27, 34, 37
3, 8, 15, 22, 29, 24, 37
3, 8, 15, 22, 29, 34, 37
3, 8, 15, 22, 29, 36, 37
3, 10, 5, 37
3, 10, 15, 20, 13, 37
3, 10, 15, 20, 25, 37
3, 10, 15, 20, 27, 22, 17, 12, 37
3, 10, 15, 20, 27, 22, 17, 24, 37
3, 10, 15, 20, 27, 22, 29, 24, 37
3, 10, 15, 20, 27, 22, 29, 34, 37
3, 10, 15, 20, 27, 22, 29, 36, 37
3, 10, 15, 20, 27, 32, 37
3, 10, 15, 20, 27, 34, 37
3, 10, 15, 22, 17, 12, 37
3, 10, 15, 22, 17, 24, 37
3, 10, 15, 22, 27, 32, 37
3, 10, 15, 22, 27, 34, 37
3, 10, 15, 22, 29, 24, 37
3, 10, 15, 22, 29, 34, 37
3, 10, 15, 22, 29, 36, 37
3, 10, 17, 12, 37
3, 10, 17, 22, 27, 20, 13, 37
3, 10, 17, 22, 27, 20, 25, 37
3, 10, 17, 22, 27, 32, 37
3, 10, 17, 22, 27, 34, 37
3, 10, 17, 22, 29, 24, 37
3, 10, 17, 22, 29, 34, 37
3, 10, 17, 22, 29, 36, 37
3, 10, 17, 24, 37
4, 9, 14, 7, 37
4, 9, 14, 19, 37
4, 9, 14, 21, 16, 11
4, 9, 14, 21, 16, 11, 6, 37
4, 9, 14, 21, 16, 11, 18, 37
4, 9, 14, 21, 16, 23, 18, 37
4, 9, 14, 21, 16, 23, 28, 33, 37
4, 9, 14, 21, 16, 23, 28, 35, 37
4, 9, 14, 21, 16, 23, 30, 37
4, 9, 14, 21, 26, 31, 37
4, 9, 14, 21, 26, 33, 37
4, 9, 14, 21, 28, 23, 18, 37
4, 9, 14, 21, 28, 23, 30, 37
4, 9, 14, 21, 28, 33, 37
4, 9, 14, 21, 28, 35, 37
4, 9, 16, 11
4, 9, 16, 11, 6, 37
4, 9, 16, 11, 18, 37
4, 9, 16, 21, 26, 19, 37
4, 9, 16, 21, 26, 31, 37
4, 9, 16, 21, 26, 33, 37
4, 9, 16, 21, 28, 23, 18, 37
4, 9, 16, 21, 28, 23, 30, 37
4, 9, 16, 21, 28, 33, 37
4, 9, 16, 21, 28, 35, 37
4, 9, 16, 23, 18, 37
4, 9, 16, 23, 28, 33, 37
4, 9, 16, 23, 28, 35, 37
4, 9, 16, 23, 30, 37
4, 11, 6, 37
4, 11, 16, 21, 14, 7, 37
4, 11, 16, 21, 14, 19, 37
4, 11, 16, 21, 26, 19, 37
4, 11, 16, 21, 26, 31, 37
4, 11, 16, 21, 26, 33, 37
4, 11, 16, 21, 28, 23, 18, 37
4, 11, 16, 21, 28, 23, 30, 37
4, 11, 16, 21, 28, 33, 37
4, 11, 16, 21, 28, 35, 37
4, 11, 16, 23, 18, 37
4, 11, 16, 23, 28, 33, 37
4, 11, 16, 23, 28, 35, 37
4, 11, 16, 23, 30, 37
4, 11, 18, 37
5, 10, 15, 8, 13, 37
5, 10, 15, 20, 13, 37
5, 10, 15, 20, 25, 37
5, 10, 15, 20, 27, 22, 17, 12
5, 10, 15, 20, 27, 22, 17, 12, 37
5, 10, 15, 20, 27, 22, 17, 24, 37
5, 10, 15, 20, 27, 22, 29, 24, 37
5, 10, 15, 20, 27, 22, 29, 34, 37
5, 10, 15, 20, 27, 22, 29, 36, 37
5, 10, 15, 20, 27, 32, 37
5, 10, 15, 20, 27, 34, 37
5, 10, 15, 22, 17, 12
5, 10, 15, 22, 17, 12, 37
5, 10, 15, 22, 17, 24, 37
5, 10, 15, 22, 27, 32, 37
5, 10, 15, 22, 27, 34, 37
5, 10, 15, 22, 29, 24, 37
5, 10, 15, 22, 29, 34, 37
5, 10, 15, 22, 29, 36, 37
5, 10, 17, 12
5, 10, 17, 12, 37
5, 10, 17, 22, 27, 20, 13, 37
5, 10, 17, 22, 27, 20, 25, 37
5, 10, 17, 22, 27, 32, 37
5, 10, 17, 22, 27, 34, 37
5, 10, 17, 22, 29, 24, 37
5, 10, 17, 22, 29, 34, 37
5, 10, 17, 22, 29, 36, 37
5, 10, 17, 24, 37
5, 12, 37
6, 11, 16, 9, 14, 7, 37
6, 11, 16, 9, 14, 19, 37
6, 11, 16, 9, 14, 21, 26, 31, 37
6, 11, 16, 9, 14, 21, 26, 33, 37
6, 11, 16, 9, 14, 21, 28, 23, 18, 37
6, 11, 16, 9, 14, 21, 28, 23, 30, 37
6, 11, 16, 9, 14, 21, 28, 33, 37
6, 11, 16, 9, 14, 21, 28, 35, 37
6, 11, 16, 21, 14, 7, 37
6, 11, 16, 21, 14, 19, 37
6, 11, 16, 21, 26, 19, 37
6, 11, 16, 21, 26, 31, 37
6, 11, 16, 21, 26, 33, 37
6, 11, 16, 21, 28, 23, 18, 37
6, 11, 16, 21, 28, 23, 30, 37
6, 11, 16, 21, 28, 33, 37
6, 11, 16, 21, 28, 35, 37
6, 11, 16, 23, 18, 37
6, 11, 16, 23, 28, 33, 37
6, 11, 16, 23, 28, 35, 37
6, 11, 16, 23, 30, 37
6, 11, 18, 37
7, 14, 9, 16, 11, 18, 37
7, 14, 9, 16, 21, 26, 19, 37
7, 14, 9, 16, 21, 26, 31, 37
7, 14, 9, 16, 21, 26, 33, 37
7, 14, 9, 16, 21, 28, 23, 18, 37
7, 14, 9, 16, 21, 28, 23, 30, 37
7, 14, 9, 16, 21, 28, 33, 37
7, 14, 9, 16, 21, 28, 35, 37
7, 14, 9, 16, 23, 18, 37
7, 14, 9, 16, 23, 28, 33, 37
7, 14, 9, 16, 23, 28, 35, 37
7, 14, 9, 16, 23, 30, 37
7, 14, 19, 37
7, 14, 21, 16, 11, 18, 37
7, 14, 21, 16, 23, 18, 37
7, 14, 21, 16, 23, 28, 33, 37
7, 14, 21, 16, 23, 28, 35, 37
7, 14, 21, 16, 23, 30, 37
7, 14, 21, 26, 31, 37
7, 14, 21, 26, 33, 37
7, 14, 21, 28, 23, 18, 37
7, 14, 21, 28, 23, 30, 37
7, 14, 21, 28, 33, 37
7, 14, 21, 28, 35, 37
8, 13, 20, 15
9, 14, 19, 26, 21, 16
9, 14, 21, 16
10, 15, 20, 27, 22, 17
10, 15, 22, 17
11, 16, 21, 14, 19, 37, 18
11, 16, 21, 26, 19, 37, 18
11, 16, 21, 26, 31, 37, 18
11, 16, 21, 26, 33, 28, 23, 18
11, 16, 21, 26, 33, 37, 18
11, 16, 21, 28, 23, 18
11, 16, 21, 28, 33, 37, 18
11, 16, 21, 28, 35, 37, 18
11, 16, 23, 18
12, 17, 22, 15, 20, 13, 37
12, 17, 22, 15, 20, 25, 37
12, 17, 22, 15, 20, 27, 32, 37
12, 17, 22, 15, 20, 27, 34, 37
12, 17, 22, 27, 20, 13, 37
12, 17, 22, 27, 20, 25, 37
12, 17, 22, 27, 32, 37
12, 17, 22, 27, 34, 37
12, 17, 22, 29, 24, 37
12, 17, 22, 29, 34, 37
12, 17, 22, 29, 36, 37
12, 17, 24, 37
13, 20, 15, 22, 17, 24, 37
13, 20, 15, 22, 27, 32, 37
13, 20, 15, 22, 27, 34, 37
13, 20, 15, 22, 29, 24, 37
13, 20, 15, 22, 29, 34, 37
13, 20, 15, 22, 29, 36, 37
13, 20, 25, 37
13, 20, 27, 22, 17, 24, 37
13, 20, 27, 22, 29, 24, 37
13, 20, 27, 22, 29, 34, 37
13, 20, 27, 22, 29, 36, 37
13, 20, 27, 32, 37
13, 20, 27, 34, 37
14, 19, 26, 21
15, 20, 27, 22
16, 21, 26, 33, 28, 23
16, 21, 28, 23
17, 22, 27, 20, 25, 37, 24
17, 22, 27, 32, 37, 24
17, 22, 27, 34, 29, 24
17, 22, 27, 34, 37, 24
17, 22, 29, 24
18, 23, 28, 21, 26, 19, 37
18, 23, 28, 21, 26, 31, 37
18, 23, 28, 21, 26, 33, 37
18, 23, 28, 33, 37
18, 23, 28, 35, 37
18, 23, 30, 37
19, 26, 21, 28, 23, 30, 37
19, 26, 21, 28, 33, 37
19, 26, 21, 28, 35, 37
19, 26, 31, 37
19, 26, 33, 37
21, 26, 33, 28
22, 27, 34, 29
23, 28, 33, 37, 30
23, 28, 35, 30
24, 29, 34, 37
24, 29, 36, 37
25, 32, 37
26, 31, 37, 33
27, 32, 37, 34
28, 33, 37, 35
29, 34, 37, 36
30, 35, 37
