1, 7, 3, 36
1, 7, 11, 36
1, 7, 13, 9, 5, 36
1, 7, 13, 9, 15, 36
1, 7, 13, 17, 21, 36
1, 7, 13, 17, 23, 19, 15, 36
1, 7, 13, 17, 23, 19, 25, 36
1, 7, 13, 17, 23, 27, 31, 36
1, 7, 13, 17, 23, 27, 33, 36
1, 7, 13, 17, 23, 29, 25, 36
1, 7, 13, 17, 23, 29, 33, 36
1, 7, 13, 17, 23, 29, 35, 36
1, 7, 13, 19, 15, 36
1, 7, 13, 19, 23, 27, 21, 36
1, 7, 13, 19, 23, 27, 31, 36
1, 7, 13, 19, 23, 27, 33, 36
1, 7, 13, 19, 23, 29, 25, 36
1, 7, 13, 19, 23, 29, 33, 36
1, 7, 13, 19, 23, 29, 35, 36
1, 7, 13, 19, 25, 36
2, 6, 36
2, 8, 4, 36
2, 8, 12, 16, 36
2, 8, 12, 18, 14, 10, 36
2, 8, 12, 18, 14, 20, 36
2, 8, 12, 18, 22, 26, 36
2, 8, 12, 18, 22, 28, 24, 20, 36
2, 8, 12, 18, 22, 28, 24, 30, 36
2, 8, 12, 18, 22, 28, 32, 36
2, 8, 12, 18, 22, 28, 34, 36
2, 8, 12, 18, 24, 20, 36
2, 8, 12, 18, 24, 28, 32, 36
2, 8, 12, 18, 24, 28, 34, 36
2, 8, 12, 18, 24, 30, 36
2, 8, 14, 10, 36
2, 8, 14, 18, 22, 16, 36
2, 8, 14, 18, 22, 26, 36
2, 8, 14, 18, 22, 28, 24, 20, 36
2, 8, 14, 18, 22, 28, 24, 30, 36
2, 8, 14, 18, 22, 28, 32, 36
2, 8, 14, 18, 22, 28, 34, 36
2, 8, 14, 18, 24, 20, 36
2, 8, 14, 18, 24, 28, 32, 36
2, 8, 14, 18, 24, 28, 34, 36
2, 8, 14, 18, 24, 30, 36
2, 8, 14, 20, 36
3, 7, 11, 36
3, 7, 13, 9
3, 7, 13, 9, 5, 36
3, 7, 13, 9, 15, 36
3, 7, 13, 17, 21, 36
3, 7, 13, 17, 23, 19, 15, 36
3, 7, 13, 17, 23, 19, 25, 36
3, 7, 13, 17, 23, 27, 31, 36
3, 7, 13, 17, 23, 27, 33, 36
3, 7, 13, 17, 23, 29, 25, 36
3, 7, 13, 17, 23, 29, 33, 36
3, 7, 13, 17, 23, 29, 35, 36
3, 7, 13, 19, 15, 36
3, 7, 13, 19, 23, 27, 21, 36
3, 7, 13, 19, 23, 27, 31, 36
3, 7, 13, 19, 23, 27, 33, 36
3, 7, 13, 19, 23, 29, 25, 36
3, 7, 13, 19, 23, 29, 33, 36
3, 7, 13, 19, 23, 29, 35, 36
3, 7, 13, 19, 25, 36
3, 9, 5, 36
3, 9, 13, 17, 11, 36
3, 9, 13, 17, 21, 36
3, 9, 13, 17, 23, 19, 15, 36
3, 9, 13, 17, 23, 19, 25, 36
3, 9, 13, 17, 23, 27, 31, 36
3, 9, 13, 17, 23, 27, 33, 36
3, 9, 13, 17, 23, 29, 25, 36
3, 9, 13, 17, 23, 29, 33, 36
3, 9, 13, 17, 23, 29, 35, 36
3, 9, 13, 19, 15, 36
3, 9, 13, 19, 23, 27, 21, 36
3, 9, 13, 19, 23, 27, 31, 36
3, 9, 13, 19, 23, 27, 33, 36
3, 9, 13, 19, 23, 29, 25, 36
3, 9, 13, 19, 23, 29, 33, 36
3, 9, 13, 19, 23, 29, 35, 36
3, 9, 13, 19, 25, 36
3, 9, 15, 36
4, 8, 12, 6, 36
4, 8, 12, 16, 36
4, 8, 12, 18, 14, 10
4, 8, 12, 18, 14, 10, 36
4, 8, 12, 18, 14, 20, 36
4, 8, 12, 18, 22, 26, 36
4, 8, 12, 18, 22, 28, 24, 20, 36
4, 8, 12, 18, 22, 28, 24, 30, 36
4, 8, 12, 18, 22, 28, 32, 36
4, 8, 12, 18, 22, 28, 34, 36
4, 8, 12, 18, 24, 20, 36
4, 8, 12, 18, 24, 28, 32, 36
4, 8, 12, 18, 24, 28, 34, 36
4, 8, 12, 18, 24, 30, 36
4, 8, 14, 10
4, 8, 14, 10, 36
4, 8, 14, 18, 22, 16, 36
4, 8, 14, 18, 22, 26, 36
4, 8, 14, 18, 22, 28, 24, 20, 36
4, 8, 14, 18, 22, 28, 24, 30, 36
4, 8, 14, 18, 22, 28, 32, 36
4, 8, 14, 18, 22, 28, 34, 36
4, 8, 14, 18, 24, 20, 36
4, 8, 14, 18, 24, 28, 32, 36
4, 8, 14, 18, 24, 28, 34, 36
4, 8, 14, 18, 24, 30, 36
4, 8, 14, 20, 36
4, 10, 36
5, 9, 13, 7, 11, 36
5, 9, 13, 17, 11, 36
5, 9, 13, 17, 21, 36
5, 9, 13, 17, 23, 19, 15, 36
5, 9, 13, 17, 23, 19, 25, 36
5, 9, 13, 17, 23, 27, 31, 36
5, 9, 13, 17, 23, 27, 33, 36
5, 9, 13, 17, 23, 29, 25, 36
5, 9, 13, 17, 23, 29, 33, 36
5, 9, 13, 17, 23, 29, 35, 36
5, 9, 13, 19, 15, 36
5, 9, 13, 19, 23, 27, 21, 36
5, 9, 13, 19, 23, 27, 31, 36
5, 9, 13, 19, 23, 27, 33, 36
5, 9, 13, 19, 23, 29, 25, 36
5, 9, 13, 19, 23, 29, 33, 36
5, 9, 13, 19, 23, 29, 35, 36
5, 9, 13, 19, 25, 36
5, 9, 15, 36
6, 12, 8, 14, 10, 36
6, 12, 8, 14, 18, 22, 16, 36
6, 12, 8, 14, 18, 22, 26, 36
6, 12, 8, 14, 18, 22, 28, 24, 20, 36
6, 12, 8, 14, 18, 22, 28, 24, 30, 36
6, 12, 8, 14, 18, 22, 28, 32, 36
6, 12, 8, 14, 18, 22, 28, 34, 36
6, 12, 8, 14, 18, 24, 20, 36
6, 12, 8, 14, 18, 24, 28, 32, 36
6, 12, 8, 14, 18, 24, 28, 34, 36
6, 12, 8, 14, 18, 24, 30, 36
6, 12, 8, 14, 20, 36
6, 12, 16, 36
6, 12, 18, 14, 10, 36
6, 12, 18, 14, 20, 36
6, 12, 18, 22, 26, 36
6, 12, 18, 22, 28, 24, 20, 36
6, 12, 18, 22, 28, 24, 30, 36
6, 12, 18, 22, 28, 32, 36
6, 12, 18, 22, 28, 34, 36
6, 12, 18, 24, 20, 36
6, 12, 18, 24, 28, 32, 36
6, 12, 18, 24, 28, 34, 36
6, 12, 18, 24, 30, 36
7, 11, 17, 13
8, 12, 16, 22, 18, 14
8, 12, 18, 14
9, 13, 17, 11, 36, 15
9, 13, 17, 21, 27, 23, 19, 15
9, 13, 17, 21, 36, 15
9, 13, 17, 23, 19, 15
9, 13, 17, 23, 27, 31, 36, 15
9, 13, 17, 23, 27, 33, 36, 15
9, 13, 17, 23, 29, 25, 36, 15
9, 13, 17, 23, 29, 33, 36, 15
9, 13, 17, 23, 29, 35, 36, 15
9, 13, 19, 15
10, 14, 18, 12, 16, 36
10, 14, 18, 22, 16, 36
10, 14, 18, 22, 26, 36
10, 14, 18, 22, 28, 24, 20, 36
10, 14, 18, 22, 28, 24, 30, 36
10, 14, 18, 22, 28, 32, 36
10, 14, 18, 22, 28, 34, 36
10, 14, 18, 24, 20, 36
10, 14, 18, 24, 28, 32, 36
10, 14, 18, 24, 28, 34, 36
10, 14, 18, 24, 30, 36
10, 14, 20, 36
11, 17, 13, 19, 15, 36
11, 17, 13, 19, 23, 27, 21, 36
11, 17, 13, 19, 23, 27, 31, 36
11, 17, 13, 19, 23, 27, 33, 36
11, 17, 13, 19, 23, 29, 25, 36
11, 17, 13, 19, 23, 29, 33, 36
11, 17, 13, 19, 23, 29, 35, 36
11, 17, 13, 19, 25, 36
11, 17, 21, 36
11, 17, 23, 19, 15, 36
11, 17, 23, 19, 25, 36
11, 17, 23, 27, 31, 36
11, 17, 23, 27, 33, 36
11, 17, 23, 29, 25, 36
11, 17, 23, 29, 33, 36
11, 17, 23, 29, 35, 36
12, 16, 22, 18
13, 17, 21, 27, 23, 19
13, 17, 23, 19
14, 18, 22, 16, 36, 20
14, 18, 22, 26, 36, 20
14, 18, 22, 28, 24, 20
14, 18, 22, 28, 32, 36, 20
14, 18, 22, 28, 34, 36, 20
14, 18, 24, 20
15, 19, 23, 17, 21, 36
15, 19, 23, 27, 21, 36
15, 19, 23, 27, 31, 36
15, 19, 23, 27, 33, 36
15, 19, 23, 29, 25, 36
15, 19, 23, 29, 33, 36
15, 19, 23, 29, 35, 36
15, 19, 25, 36
16, 22, 18, 24, 20, 36
16, 22, 18, 24, 28, 32, 36
16, 22, 18, 24, 28, 34, 36
16, 22, 18, 24, 30, 36
16, 22, 26, 36
16, 22, 28, 24, 20, 36
16, 22, 28, 24, 30, 36
16, 22, 28, 32, 36
16, 22, 28, 34, 36
17, 21, 27, 23
18, 22, 28, 24
19, 23, 27, 21, 36, 25
19, 23, 27, 31, 36, 25
19, 23, 27, 33, 29, 25
19, 23, 27, 33, 36, 25
19, 23, 29, 25
20, 24, 28, 22, 26, 36
20, 24, 28, 32, 36
20, 24, 28, 34, 36
20, 24, 30, 36
21, 27, 23, 29, 25, 36
21, 27, 23, 29, 33, 36
21, 27, 23, 29, 35, 36
21, 27, 31, 36
21, 27, 33, 36
23, 27, 33, 29
24, 28, 32, 36, 30
24, 28, 34, 30
25, 29, 33, 36
25, 29, 35, 36
26, 32, 36
27, 31, 36, 33
28, 32, 36, 34
29, 33, 36, 35
30, 34, 36
