1, 11, 3, 37
1, 11, 19, 37
1, 11, 21, 13, 5, 37
1, 11, 21, 13, 23, 15, 7, 37
1, 11, 21, 13, 23, 15, 25, 17, 9, 37
1, 11, 21, 13, 23, 15, 25, 17, 27, 37
1, 11, 21, 13, 23, 15, 25, 33, 37
1, 11, 21, 13, 23, 15, 25, 35, 37
1, 11, 21, 13, 23, 31, 37
1, 11, 21, 13, 23, 33, 37
1, 11, 21, 29, 37
1, 11, 21, 31, 37
2, 10, 37
2, 12, 4, 37
2, 12, 20, 28, 37
2, 12, 20, 30, 37
2, 12, 22, 14, 6, 37
2, 12, 22, 14, 24, 16, 8, 37
2, 12, 22, 14, 24, 16, 26, 18, 37
2, 12, 22, 14, 24, 16, 26, 34, 37
2, 12, 22, 14, 24, 16, 26, 36, 37
2, 12, 22, 14, 24, 32, 37
2, 12, 22, 14, 24, 34, 37
2, 12, 22, 30, 37
2, 12, 22, 32, 37
3, 11, 19, 37
3, 11, 21, 13
3, 11, 21, 13, 5, 37
3, 11, 21, 13, 23, 15, 7, 37
3, 11, 21, 13, 23, 15, 25, 17, 9, 37
3, 11, 21, 13, 23, 15, 25, 17, 27, 37
3, 11, 21, 13, 23, 15, 25, 33, 37
3, 11, 21, 13, 23, 15, 25, 35, 37
3, 11, 21, 13, 23, 31, 37
3, 11, 21, 13, 23, 33, 37
3, 11, 21, 29, 37
3, 11, 21, 31, 37
3, 13, 5, 37
3, 13, 21, 29, 37
3, 13, 21, 31, 37
3, 13, 23, 15, 7, 37
3, 13, 23, 15, 25, 17, 9, 37
3, 13, 23, 15, 25, 17, 27, 37
3, 13, 23, 15, 25, 33, 37
3, 13, 23, 15, 25, 35, 37
3, 13, 23, 31, 37
3, 13, 23, 33, 37
4, 12, 20, 10, 37
4, 12, 20, 28, 37
4, 12, 20, 30, 37
4, 12, 22, 14
4, 12, 22, 14, 6, 37
4, 12, 22, 14, 24, 16, 8, 37
4, 12, 22, 14, 24, 16, 26, 18, 37
4, 12, 22, 14, 24, 16, 26, 34, 37
4, 12, 22, 14, 24, 16, 26, 36, 37
4, 12, 22, 14, 24, 32, 37
4, 12, 22, 14, 24, 34, 37
4, 12, 22, 30, 37
4, 12, 22, 32, 37
4, 14, 6, 37
4, 14, 22, 30, 37
4, 14, 22, 32, 37
4, 14, 24, 16, 8, 37
4, 14, 24, 16, 26, 18, 37
4, 14, 24, 16, 26, 34, 37
4, 14, 24, 16, 26, 36, 37
4, 14, 24, 32, 37
4, 14, 24, 34, 37
5, 13, 21, 11, 19, 37
5, 13, 21, 29, 37
5, 13, 21, 31, 37
5, 13, 23, 15
5, 13, 23, 15, 7, 37
5, 13, 23, 15, 25, 17, 9, 37
5, 13, 23, 15, 25, 17, 27, 37
5, 13, 23, 15, 25, 33, 37
5, 13, 23, 15, 25, 35, 37
5, 13, 23, 31, 37
5, 13, 23, 33, 37
5, 15, 7, 37
5, 15, 23, 31, 37
5, 15, 23, 33, 37
5, 15, 25, 17, 9, 37
5, 15, 25, 17, 27, 37
5, 15, 25, 33, 37
5, 15, 25, 35, 37
6, 14, 22, 12, 20, 10, 37
6, 14, 22, 12, 20, 28, 37
6, 14, 22, 12, 20, 30, 37
6, 14, 22, 30, 37
6, 14, 22, 32, 37
6, 14, 24, 16
6, 14, 24, 16, 8, 37
6, 14, 24, 16, 26, 18, 37
6, 14, 24, 16, 26, 34, 37
6, 14, 24, 16, 26, 36, 37
6, 14, 24, 32, 37
6, 14, 24, 34, 37
6, 16, 8, 37
6, 16, 24, 32, 37
6, 16, 24, 34, 37
6, 16, 26, 18, 37
6, 16, 26, 34, 37
6, 16, 26, 36, 37
7, 15, 23, 13, 21, 11, 19, 37
7, 15, 23, 13, 21, 29, 37
7, 15, 23, 13, 21, 31, 37
7, 15, 23, 31, 37
7, 15, 23, 33, 37
7, 15, 25, 17
7, 15, 25, 17, 9, 37
7, 15, 25, 17, 27, 37
7, 15, 25, 33, 37
7, 15, 25, 35, 37
7, 17, 9, 37
7, 17, 25, 33, 37
7, 17, 25, 35, 37
7, 17, 27, 37
8, 16, 24, 14, 22, 12, 20, 10, 37
8, 16, 24, 14, 22, 12, 20, 28, 37
8, 16, 24, 14, 22, 12, 20, 30, 37
8, 16, 24, 14, 22, 30, 37
8, 16, 24, 14, 22, 32, 37
8, 16, 24, 32, 37
8, 16, 24, 34, 37
8, 16, 26, 18
8, 16, 26, 18, 37
8, 16, 26, 34, 37
8, 16, 26, 36, 37
8, 18, 37
9, 17, 25, 15, 23, 13, 21, 11, 19, 37
9, 17, 25, 15, 23, 13, 21, 29, 37
9, 17, 25, 15, 23, 13, 21, 31, 37
9, 17, 25, 15, 23, 31, 37
9, 17, 25, 15, 23, 33, 37
9, 17, 25, 33, 37
9, 17, 25, 35, 37
9, 17, 27, 37
10, 20, 12, 22, 14, 24, 16, 26, 18, 37
10, 20, 12, 22, 14, 24, 16, 26, 34, 37
10, 20, 12, 22, 14, 24, 16, 26, 36, 37
10, 20, 12, 22, 14, 24, 32, 37
10, 20, 12, 22, 14, 24, 34, 37
10, 20, 12, 22, 30, 37
10, 20, 12, 22, 32, 37
10, 20, 28, 37
10, 20, 30, 37
12, 20, 30, 22
13, 21, 31, 23
14, 22, 32, 24
15, 23, 33, 25
16, 24, 34, 26
17, 25, 33, 37, 27
17, 25, 35, 27
18, 26, 34, 37
18, 26, 36, 37
19, 29, 37
20, 28, 37, 30
21, 29, 37, 31
22, 30, 37, 32
23, 31, 37, 33
24, 32, 37, 34
25, 33, 37, 35
26, 34, 37, 36
27, 35, 37
