1, 10, 3, 41
1, 10, 17, 41
1, 10, 19, 12, 5, 41
1, 10, 19, 12, 21, 14, 7, 41
1, 10, 19, 12, 21, 14, 23, 16, 41
1, 10, 19, 12, 21, 14, 23, 30, 37, 41
1, 10, 19, 12, 21, 14, 23, 30, 39, 41
1, 10, 19, 12, 21, 14, 23, 32, 41
1, 10, 19, 12, 21, 28, 35, 41
1, 10, 19, 12, 21, 28, 37, 41
1, 10, 19, 12, 21, 30, 23, 16, 41
1, 10, 19, 12, 21, 30, 23, 32, 41
1, 10, 19, 12, 21, 30, 37, 41
1, 10, 19, 12, 21, 30, 39, 41
1, 10, 19, 26, 33, 41
1, 10, 19, 26, 35, 41
1, 10, 19, 28, 21, 14, 5, 41
1, 10, 19, 28, 21, 14, 7, 41
1, 10, 19, 28, 21, 14, 23, 16, 41
1, 10, 19, 28, 21, 14, 23, 30, 37, 41
1, 10, 19, 28, 21, 14, 23, 30, 39, 41
1, 10, 19, 28, 21, 14, 23, 32, 41
1, 10, 19, 28, 21, 30, 23, 16, 41
1, 10, 19, 28, 21, 30, 23, 32, 41
1, 10, 19, 28, 21, 30, 37, 41
1, 10, 19, 28, 21, 30, 39, 41
1, 10, 19, 28, 35, 41
1, 10, 19, 28, 37, 41
2, 9, 41
2, 11, 4, 41
2, 11, 18, 25, 41
2, 11, 18, 27, 20, 13, 6, 41
2, 11, 18, 27, 20, 13, 22, 15, 8, 41
2, 11, 18, 27, 20, 13, 22, 15, 24, 41
2, 11, 18, 27, 20, 13, 22, 29, 36, 41
2, 11, 18, 27, 20, 13, 22, 29, 38, 41
2, 11, 18, 27, 20, 13, 22, 31, 24, 41
2, 11, 18, 27, 20, 13, 22, 31, 38, 41
2, 11, 18, 27, 20, 13, 22, 31, 40, 41
2, 11, 18, 27, 20, 29, 22, 15, 6, 41
2, 11, 18, 27, 20, 29, 22, 15, 8, 41
2, 11, 18, 27, 20, 29, 22, 15, 24, 41
2, 11, 18, 27, 20, 29, 22, 31, 24, 41
2, 11, 18, 27, 20, 29, 22, 31, 38, 41
2, 11, 18, 27, 20, 29, 22, 31, 40, 41
2, 11, 18, 27, 20, 29, 36, 41
2, 11, 18, 27, 20, 29, 38, 41
2, 11, 18, 27, 34, 41
2, 11, 18, 27, 36, 41
2, 11, 20, 13, 6, 41
2, 11, 20, 13, 22, 15, 8, 41
2, 11, 20, 13, 22, 15, 24, 41
2, 11, 20, 13, 22, 29, 36, 41
2, 11, 20, 13, 22, 29, 38, 41
2, 11, 20, 13, 22, 31, 24, 41
2, 11, 20, 13, 22, 31, 38, 41
2, 11, 20, 13, 22, 31, 40, 41
2, 11, 20, 27, 34, 41
2, 11, 20, 27, 36, 41
2, 11, 20, 29, 22, 15, 6, 41
2, 11, 20, 29, 22, 15, 8, 41
2, 11, 20, 29, 22, 15, 24, 41
2, 11, 20, 29, 22, 31, 24, 41
2, 11, 20, 29, 22, 31, 38, 41
2, 11, 20, 29, 22, 31, 40, 41
2, 11, 20, 29, 36, 41
2, 11, 20, 29, 38, 41
3, 10, 17, 41
3, 10, 19, 12
3, 10, 19, 12, 5, 41
3, 10, 19, 12, 21, 14, 7, 41
3, 10, 19, 12, 21, 14, 23, 16, 41
3, 10, 19, 12, 21, 14, 23, 30, 37, 41
3, 10, 19, 12, 21, 14, 23, 30, 39, 41
3, 10, 19, 12, 21, 14, 23, 32, 41
3, 10, 19, 12, 21, 28, 35, 41
3, 10, 19, 12, 21, 28, 37, 41
3, 10, 19, 12, 21, 30, 23, 16, 41
3, 10, 19, 12, 21, 30, 23, 32, 41
3, 10, 19, 12, 21, 30, 37, 41
3, 10, 19, 12, 21, 30, 39, 41
3, 10, 19, 26, 33, 41
3, 10, 19, 26, 35, 41
3, 10, 19, 28, 21, 14, 5, 41
3, 10, 19, 28, 21, 14, 7, 41
3, 10, 19, 28, 21, 14, 23, 16, 41
3, 10, 19, 28, 21, 14, 23, 30, 37, 41
3, 10, 19, 28, 21, 14, 23, 30, 39, 41
3, 10, 19, 28, 21, 14, 23, 32, 41
3, 10, 19, 28, 21, 30, 23, 16, 41
3, 10, 19, 28, 21, 30, 23, 32, 41
3, 10, 19, 28, 21, 30, 37, 41
3, 10, 19, 28, 21, 30, 39, 41
3, 10, 19, 28, 35, 41
3, 10, 19, 28, 37, 41
3, 12, 5, 41
3, 12, 19, 26, 17, 41
3, 12, 19, 26, 33, 41
3, 12, 19, 26, 35, 41
3, 12, 19, 28, 21, 14, 7, 41
3, 12, 19, 28, 21, 14, 23, 16, 41
3, 12, 19, 28, 21, 14, 23, 30, 37, 41
3, 12, 19, 28, 21, 14, 23, 30, 39, 41
3, 12, 19, 28, 21, 14, 23, 32, 41
3, 12, 19, 28, 21, 30, 23, 16, 41
3, 12, 19, 28, 21, 30, 23, 32, 41
3, 12, 19, 28, 21, 30, 37, 41
3, 12, 19, 28, 21, 30, 39, 41
3, 12, 19, 28, 35, 41
3, 12, 19, 28, 37, 41
3, 12, 21, 14, 7, 41
3, 12, 21, 14, 23, 16, 41
3, 12, 21, 14, 23, 30, 37, 41
3, 12, 21, 14, 23, 30, 39, 41
3, 12, 21, 14, 23, 32, 41
3, 12, 21, 28, 35, 41
3, 12, 21, 28, 37, 41
3, 12, 21, 30, 23, 16, 41
3, 12, 21, 30, 23, 32, 41
3, 12, 21, 30, 37, 41
3, 12, 21, 30, 39, 41
4, 11, 18, 9, 41
4, 11, 18, 25, 41
4, 11, 18, 27, 20, 13
4, 11, 18, 27, 20, 13, 6, 41
4, 11, 18, 27, 20, 13, 22, 15, 8, 41
4, 11, 18, 27, 20, 13, 22, 15, 24, 41
4, 11, 18, 27, 20, 13, 22, 29, 36, 41
4, 11, 18, 27, 20, 13, 22, 29, 38, 41
4, 11, 18, 27, 20, 13, 22, 31, 24, 41
4, 11, 18, 27, 20, 13, 22, 31, 38, 41
4, 11, 18, 27, 20, 13, 22, 31, 40, 41
4, 11, 18, 27, 20, 29, 22, 15, 6, 41
4, 11, 18, 27, 20, 29, 22, 15, 8, 41
4, 11, 18, 27, 20, 29, 22, 15, 24, 41
4, 11, 18, 27, 20, 29, 22, 31, 24, 41
4, 11, 18, 27, 20, 29, 22, 31, 38, 41
4, 11, 18, 27, 20, 29, 22, 31, 40, 41
4, 11, 18, 27, 20, 29, 36, 41
4, 11, 18, 27, 20, 29, 38, 41
4, 11, 18, 27, 34, 41
4, 11, 18, 27, 36, 41
4, 11, 20, 13
4, 11, 20, 13, 6, 41
4, 11, 20, 13, 22, 15, 8, 41
4, 11, 20, 13, 22, 15, 24, 41
4, 11, 20, 13, 22, 29, 36, 41
4, 11, 20, 13, 22, 29, 38, 41
4, 11, 20, 13, 22, 31, 24, 41
4, 11, 20, 13, 22, 31, 38, 41
4, 11, 20, 13, 22, 31, 40, 41
4, 11, 20, 27, 34, 41
4, 11, 20, 27, 36, 41
4, 11, 20, 29, 22, 15, 6, 41
4, 11, 20, 29, 22, 15, 8, 41
4, 11, 20, 29, 22, 15, 24, 41
4, 11, 20, 29, 22, 31, 24, 41
4, 11, 20, 29, 22, 31, 38, 41
4, 11, 20, 29, 22, 31, 40, 41
4, 11, 20, 29, 36, 41
4, 11, 20, 29, 38, 41
4, 13, 6, 41
4, 13, 20, 27, 18, 9, 41
4, 13, 20, 27, 18, 25, 41
4, 13, 20, 27, 34, 41
4, 13, 20, 27, 36, 41
4, 13, 20, 29, 22, 15, 8, 41
4, 13, 20, 29, 22, 15, 24, 41
4, 13, 20, 29, 22, 31, 24, 41
4, 13, 20, 29, 22, 31, 38, 41
4, 13, 20, 29, 22, 31, 40, 41
4, 13, 20, 29, 36, 41
4, 13, 20, 29, 38, 41
4, 13, 22, 15, 8, 41
4, 13, 22, 15, 24, 41
4, 13, 22, 29, 36, 41
4, 13, 22, 29, 38, 41
4, 13, 22, 31, 24, 41
4, 13, 22, 31, 38, 41
4, 13, 22, 31, 40, 41
5, 12, 19, 10, 17, 41
5, 12, 19, 26, 17, 41
5, 12, 19, 26, 33, 41
5, 12, 19, 26, 35, 41
5, 12, 19, 28, 21, 14
5, 12, 19, 28, 21, 14, 7, 41
5, 12, 19, 28, 21, 14, 23, 16, 41
5, 12, 19, 28, 21, 14, 23, 30, 37, 41
5, 12, 19, 28, 21, 14, 23, 30, 39, 41
5, 12, 19, 28, 21, 14, 23, 32, 41
5, 12, 19, 28, 21, 30, 23, 16, 41
5, 12, 19, 28, 21, 30, 23, 32, 41
5, 12, 19, 28, 21, 30, 37, 41
5, 12, 19, 28, 21, 30, 39, 41
5, 12, 19, 28, 35, 41
5, 12, 19, 28, 37, 41
5, 12, 21, 14
5, 12, 21, 14, 7, 41
5, 12, 21, 14, 23, 16, 41
5, 12, 21, 14, 23, 30, 37, 41
5, 12, 21, 14, 23, 30, 39, 41
5, 12, 21, 14, 23, 32, 41
5, 12, 21, 28, 35, 41
5, 12, 21, 28, 37, 41
5, 12, 21, 30, 23, 16, 41
5, 12, 21, 30, 23, 32, 41
5, 12, 21, 30, 37, 41
5, 12, 21, 30, 39, 41
5, 14, 7, 41
5, 14, 21, 28, 19, 10, 17, 41
5, 14, 21, 28, 19, 26, 17, 41
5, 14, 21, 28, 19, 26, 33, 41
5, 14, 21, 28, 19, 26, 35, 41
5, 14, 21, 28, 35, 41
5, 14, 21, 28, 37, 41
5, 14, 21, 30, 23, 16, 41
5, 14, 21, 30, 23, 32, 41
5, 14, 21, 30, 37, 41
5, 14, 21, 30, 39, 41
5, 14, 23, 16, 41
5, 14, 23, 30, 37, 41
5, 14, 23, 30, 39, 41
5, 14, 23, 32, 41
6, 13, 20, 11, 18, 9, 41
6, 13, 20, 11, 18, 25, 41
6, 13, 20, 11, 18, 27, 34, 41
6, 13, 20, 11, 18, 27, 36, 41
6, 13, 20, 27, 18, 9, 41
6, 13, 20, 27, 18, 25, 41
6, 13, 20, 27, 34, 41
6, 13, 20, 27, 36, 41
6, 13, 20, 29, 22, 15
6, 13, 20, 29, 22, 15, 8, 41
6, 13, 20, 29, 22, 15, 24, 41
6, 13, 20, 29, 22, 31, 24, 41
6, 13, 20, 29, 22, 31, 38, 41
6, 13, 20, 29, 22, 31, 40, 41
6, 13, 20, 29, 36, 41
6, 13, 20, 29, 38, 41
6, 13, 22, 15
6, 13, 22, 15, 8, 41
6, 13, 22, 15, 24, 41
6, 13, 22, 29, 36, 41
6, 13, 22, 29, 38, 41
6, 13, 22, 31, 24, 41
6, 13, 22, 31, 38, 41
6, 13, 22, 31, 40, 41
6, 15, 8, 41
6, 15, 22, 29, 20, 11, 18, 9, 41
6, 15, 22, 29, 20, 11, 18, 25, 41
6, 15, 22, 29, 20, 11, 18, 27, 34, 41
6, 15, 22, 29, 20, 11, 18, 27, 36, 41
6, 15, 22, 29, 20, 27, 18, 9, 41
6, 15, 22, 29, 20, 27, 18, 25, 41
6, 15, 22, 29, 20, 27, 34, 41
6, 15, 22, 29, 20, 27, 36, 41
6, 15, 22, 29, 36, 41
6, 15, 22, 29, 38, 41
6, 15, 22, 31, 24, 41
6, 15, 22, 31, 38, 41
6, 15, 22, 31, 40, 41
6, 15, 24, 41
7, 14, 21, 12, 19, 10, 17, 41
7, 14, 21, 12, 19, 26, 17, 41
7, 14, 21, 12, 19, 26, 33, 41
7, 14, 21, 12, 19, 26, 35, 41
7, 14, 21, 12, 19, 28, 35, 41
7, 14, 21, 12, 19, 28, 37, 41
7, 14, 21, 28, 19, 10, 17, 41
7, 14, 21, 28, 19, 26, 17, 41
7, 14, 21, 28, 19, 26, 33, 41
7, 14, 21, 28, 19, 26, 35, 41
7, 14, 21, 28, 35, 41
7, 14, 21, 28, 37, 41
7, 14, 21, 30, 23, 16
7, 14, 21, 30, 23, 16, 41
7, 14, 21, 30, 23, 32, 41
7, 14, 21, 30, 37, 41
7, 14, 21, 30, 39, 41
7, 14, 23, 16
7, 14, 23, 16, 41
7, 14, 23, 30, 37, 41
7, 14, 23, 30, 39, 41
7, 14, 23, 32, 41
7, 16, 41
8, 15, 22, 13, 20, 11, 18, 9, 41
8, 15, 22, 13, 20, 11, 18, 25, 41
8, 15, 22, 13, 20, 11, 18, 27, 34, 41
8, 15, 22, 13, 20, 11, 18, 27, 36, 41
8, 15, 22, 13, 20, 27, 18, 9, 41
8, 15, 22, 13, 20, 27, 18, 25, 41
8, 15, 22, 13, 20, 27, 34, 41
8, 15, 22, 13, 20, 27, 36, 41
8, 15, 22, 13, 20, 29, 36, 41
8, 15, 22, 13, 20, 29, 38, 41
8, 15, 22, 29, 20, 11, 18, 9, 41
8, 15, 22, 29, 20, 11, 18, 25, 41
8, 15, 22, 29, 20, 11, 18, 27, 34, 41
8, 15, 22, 29, 20, 11, 18, 27, 36, 41
8, 15, 22, 29, 20, 27, 18, 9, 41
8, 15, 22, 29, 20, 27, 18, 25, 41
8, 15, 22, 29, 20, 27, 34, 41
8, 15, 22, 29, 20, 27, 36, 41
8, 15, 22, 29, 36, 41
8, 15, 22, 29, 38, 41
8, 15, 22, 31, 24, 41
8, 15, 22, 31, 38, 41
8, 15, 22, 31, 40, 41
8, 15, 24, 41
9, 18, 11, 20, 13, 22, 15, 24, 41
9, 18, 11, 20, 13, 22, 29, 36, 41
9, 18, 11, 20, 13, 22, 29, 38, 41
9, 18, 11, 20, 13, 22, 31, 24, 41
9, 18, 11, 20, 13, 22, 31, 38, 41
9, 18, 11, 20, 13, 22, 31, 40, 41
9, 18, 11, 20, 27, 34, 41
9, 18, 11, 20, 27, 36, 41
9, 18, 11, 20, 29, 22, 15, 24, 41
9, 18, 11, 20, 29, 22, 31, 24, 41
9, 18, 11, 20, 29, 22, 31, 38, 41
9, 18, 11, 20, 29, 22, 31, 40, 41
9, 18, 11, 20, 29, 36, 41
9, 18, 11, 20, 29, 38, 41
9, 18, 25, 41
9, 18, 27, 20, 13, 22, 15, 24, 41
9, 18, 27, 20, 13, 22, 29, 36, 41
9, 18, 27, 20, 13, 22, 29, 38, 41
9, 18, 27, 20, 13, 22, 31, 24, 41
9, 18, 27, 20, 13, 22, 31, 38, 41
9, 18, 27, 20, 13, 22, 31, 40, 41
9, 18, 27, 20, 29, 22, 15, 24, 41
9, 18, 27, 20, 29, 22, 31, 24, 41
9, 18, 27, 20, 29, 22, 31, 38, 41
9, 18, 27, 20, 29, 22, 31, 40, 41
9, 18, 27, 20, 29, 36, 41
9, 18, 27, 20, 29, 38, 41
9, 18, 27, 34, 41
9, 18, 27, 36, 41
10, 17, 26, 19
11, 18, 27, 20
12, 19, 26, 35, 28, 21
12, 19, 28, 21
13, 20, 27, 36, 29, 22
13, 20, 29, 22
14, 21, 28, 37, 30, 23
14, 21, 30, 23
15, 22, 29, 20, 27, 18, 25, 41, 24
15, 22, 29, 20, 27, 34, 41, 24
15, 22, 29, 20, 27, 36, 41, 24
15, 22, 29, 36, 41, 24
15, 22, 29, 38, 31, 24
15, 22, 29, 38, 41, 24
15, 22, 31, 24
16, 23, 30, 21, 28, 19, 26, 17, 41
16, 23, 30, 21, 28, 19, 26, 33, 41
16, 23, 30, 21, 28, 19, 26, 35, 41
16, 23, 30, 21, 28, 35, 41
16, 23, 30, 21, 28, 37, 41
16, 23, 30, 37, 41
16, 23, 30, 39, 41
16, 23, 32, 41
17, 26, 19, 28, 21, 30, 23, 32, 41
17, 26, 19, 28, 21, 30, 37, 41
17, 26, 19, 28, 21, 30, 39, 41
17, 26, 19, 28, 35, 41
17, 26, 19, 28, 37, 41
17, 26, 33, 41
17, 26, 35, 41
19, 26, 35, 28
20, 27, 36, 29
21, 28, 37, 30
22, 29, 38, 31
23, 30, 37, 41, 32
23, 30, 39, 32
24, 31, 38, 41
24, 31, 40, 41
25, 34, 41
26, 33, 41, 35
27, 34, 41, 36
28, 35, 41, 37
29, 36, 41, 38
30, 37, 41, 39
31, 38, 41, 40
32, 39, 41
