1, 10, 3, 33
1, 10, 17, 33
1, 10, 19, 12, 5, 33
1, 10, 19, 12, 21, 14, 7, 33
1, 10, 19, 12, 21, 14, 23, 16, 33
1, 10, 19, 12, 21, 14, 23, 30, 33
1, 10, 19, 12, 21, 14, 23, 32, 33
1, 10, 19, 12, 21, 28, 33
1, 10, 19, 12, 21, 30, 33
1, 10, 19, 26, 33
1, 10, 19, 28, 33
2, 9, 33
2, 11, 4, 33
2, 11, 18, 25, 33
2, 11, 18, 27, 33
2, 11, 20, 13, 6, 33
2, 11, 20, 13, 22, 15, 8, 33
2, 11, 20, 13, 22, 15, 24, 33
2, 11, 20, 13, 22, 29, 33
2, 11, 20, 13, 22, 31, 33
2, 11, 20, 27, 33
2, 11, 20, 29, 33
3, 10, 17, 33
3, 10, 19, 12
3, 10, 19, 12, 5, 33
3, 10, 19, 12, 21, 14, 7, 33
3, 10, 19, 12, 21, 14, 23, 16, 33
3, 10, 19, 12, 21, 14, 23, 30, 33
3, 10, 19, 12, 21, 14, 23, 32, 33
3, 10, 19, 12, 21, 28, 33
3, 10, 19, 12, 21, 30, 33
3, 10, 19, 26, 33
3, 10, 19, 28, 33
3, 12, 5, 33
3, 12, 19, 26, 33
3, 12, 19, 28, 33
3, 12, 21, 14, 7, 33
3, 12, 21, 14, 23, 16, 33
3, 12, 21, 14, 23, 30, 33
3, 12, 21, 14, 23, 32, 33
3, 12, 21, 28, 33
3, 12, 21, 30, 33
4, 11, 18, 9, 33
4, 11, 18, 25, 33
4, 11, 18, 27, 33
4, 11, 20, 13
4, 11, 20, 13, 6, 33
4, 11, 20, 13, 22, 15, 8, 33
4, 11, 20, 13, 22, 15, 24, 33
4, 11, 20, 13, 22, 29, 33
4, 11, 20, 13, 22, 31, 33
4, 11, 20, 27, 33
4, 11, 20, 29, 33
4, 13, 6, 33
4, 13, 20, 27, 33
4, 13, 20, 29, 33
4, 13, 22, 15, 8, 33
4, 13, 22, 15, 24, 33
4, 13, 22, 29, 33
4, 13, 22, 31, 33
5, 12, 19, 10, 17, 33
5, 12, 19, 26, 33
5, 12, 19, 28, 33
5, 12, 21, 14
5, 12, 21, 14, 7, 33
5, 12, 21, 14, 23, 16, 33
5, 12, 21, 14, 23, 30, 33
5, 12, 21, 14, 23, 32, 33
5, 12, 21, 28, 33
5, 12, 21, 30, 33
5, 14, 7, 33
5, 14, 21, 28, 33
5, 14, 21, 30, 33
5, 14, 23, 16, 33
5, 14, 23, 30, 33
5, 14, 23, 32, 33
6, 13, 20, 11, 18, 9, 33
6, 13, 20, 11, 18, 25, 33
6, 13, 20, 11, 18, 27, 33
6, 13, 20, 27, 33
6, 13, 20, 29, 33
6, 13, 22, 15
6, 13, 22, 15, 8, 33
6, 13, 22, 15, 24, 33
6, 13, 22, 29, 33
6, 13, 22, 31, 33
6, 15, 8, 33
6, 15, 22, 29, 33
6, 15, 22, 31, 33
6, 15, 24, 33
7, 14, 21, 12, 19, 10, 17, 33
7, 14, 21, 12, 19, 26, 33
7, 14, 21, 12, 19, 28, 33
7, 14, 21, 28, 33
7, 14, 21, 30, 33
7, 14, 23, 16
7, 14, 23, 16, 33
7, 14, 23, 30, 33
7, 14, 23, 32, 33
7, 16, 33
8, 15, 22, 13, 20, 11, 18, 9, 33
8, 15, 22, 13, 20, 11, 18, 25, 33
8, 15, 22, 13, 20, 11, 18, 27, 33
8, 15, 22, 13, 20, 27, 33
8, 15, 22, 13, 20, 29, 33
8, 15, 22, 29, 33
8, 15, 22, 31, 33
8, 15, 24, 33
9, 18, 11, 20, 13, 22, 15, 24, 33
9, 18, 11, 20, 13, 22, 29, 33
9, 18, 11, 20, 13, 22, 31, 33
9, 18, 11, 20, 27, 33
9, 18, 11, 20, 29, 33
9, 18, 25, 33
9, 18, 27, 33
11, 18, 27, 20
12, 19, 28, 21
13, 20, 29, 22
14, 21, 30, 23
15, 22, 29, 33, 24
15, 22, 31, 24
16, 23, 30, 33
16, 23, 32, 33
17, 26, 33
18, 25, 33, 27
19, 26, 33, 28
20, 27, 33, 29
21, 28, 33, 30
22, 29, 33, 31
23, 30, 33, 32
24, 31, 33
