1, 6, 3, 41
1, 6, 9, 41
1, 6, 11, 8, 41
1, 6, 11, 14, 17, 41
1, 6, 11, 14, 19, 16, 41
1, 6, 11, 14, 19, 22, 25, 41
1, 6, 11, 14, 19, 22, 27, 24, 41
1, 6, 11, 14, 19, 22, 27, 30, 33, 41
1, 6, 11, 14, 19, 22, 27, 30, 35, 32, 41
1, 6, 11, 14, 19, 22, 27, 30, 35, 38, 41
1, 6, 11, 14, 19, 22, 27, 30, 35, 40, 41
1, 6, 11, 14, 19, 22, 27, 32, 41
1, 6, 11, 14, 19, 24, 41
1, 6, 11, 16, 41
2, 5, 41
2, 7, 4, 41
2, 7, 10, 13, 41
2, 7, 10, 15, 12, 41
2, 7, 10, 15, 18, 21, 41
2, 7, 10, 15, 18, 23, 20, 41
2, 7, 10, 15, 18, 23, 26, 29, 41
2, 7, 10, 15, 18, 23, 26, 31, 28, 41
2, 7, 10, 15, 18, 23, 26, 31, 34, 37, 41
2, 7, 10, 15, 18, 23, 26, 31, 34, 39, 41
2, 7, 10, 15, 18, 23, 26, 31, 36, 41
2, 7, 10, 15, 18, 23, 28, 41
2, 7, 10, 15, 20, 41
2, 7, 12, 41
3, 6, 9, 41
3, 6, 11, 8
3, 6, 11, 8, 41
3, 6, 11, 14, 17, 41
3, 6, 11, 14, 19, 16, 41
3, 6, 11, 14, 19, 22, 25, 41
3, 6, 11, 14, 19, 22, 27, 24, 41
3, 6, 11, 14, 19, 22, 27, 30, 33, 41
3, 6, 11, 14, 19, 22, 27, 30, 35, 32, 41
3, 6, 11, 14, 19, 22, 27, 30, 35, 38, 41
3, 6, 11, 14, 19, 22, 27, 30, 35, 40, 41
3, 6, 11, 14, 19, 22, 27, 32, 41
3, 6, 11, 14, 19, 24, 41
3, 6, 11, 16, 41
3, 8, 41
4, 7, 10, 5, 41
4, 7, 10, 13, 41
4, 7, 10, 15, 12, 41
4, 7, 10, 15, 18, 21, 41
4, 7, 10, 15, 18, 23, 20, 41
4, 7, 10, 15, 18, 23, 26, 29, 41
4, 7, 10, 15, 18, 23, 26, 31, 28, 41
4, 7, 10, 15, 18, 23, 26, 31, 34, 37, 41
4, 7, 10, 15, 18, 23, 26, 31, 34, 39, 41
4, 7, 10, 15, 18, 23, 26, 31, 36, 41
4, 7, 10, 15, 18, 23, 28, 41
4, 7, 10, 15, 20, 41
4, 7, 12, 41
5, 10, 7, 12, 41
5, 10, 13, 41
5, 10, 15, 12, 41
5, 10, 15, 18, 21, 41
5, 10, 15, 18, 23, 20, 41
5, 10, 15, 18, 23, 26, 29, 41
5, 10, 15, 18, 23, 26, 31, 28, 41
5, 10, 15, 18, 23, 26, 31, 34, 37, 41
5, 10, 15, 18, 23, 26, 31, 34, 39, 41
5, 10, 15, 18, 23, 26, 31, 36, 41
5, 10, 15, 18, 23, 28, 41
5, 10, 15, 20, 41
6, 9, 14, 11
7, 10, 13, 18, 15, 12
7, 10, 13, 41, 12
7, 10, 15, 12
8, 11, 14, 9, 41
8, 11, 14, 17, 41
8, 11, 14, 19, 16, 41
8, 11, 14, 19, 22, 25, 41
8, 11, 14, 19, 22, 27, 24, 41
8, 11, 14, 19, 22, 27, 30, 33, 41
8, 11, 14, 19, 22, 27, 30, 35, 32, 41
8, 11, 14, 19, 22, 27, 30, 35, 38, 41
8, 11, 14, 19, 22, 27, 30, 35, 40, 41
8, 11, 14, 19, 22, 27, 32, 41
8, 11, 14, 19, 24, 41
8, 11, 16, 41
9, 14, 11, 16, 41
9, 14, 17, 41
9, 14, 19, 16, 41
9, 14, 19, 22, 25, 41
9, 14, 19, 22, 27, 24, 41
9, 14, 19, 22, 27, 30, 33, 41
9, 14, 19, 22, 27, 30, 35, 32, 41
9, 14, 19, 22, 27, 30, 35, 38, 41
9, 14, 19, 22, 27, 30, 35, 40, 41
9, 14, 19, 22, 27, 32, 41
9, 14, 19, 24, 41
10, 13, 18, 15
11, 14, 17, 22, 19, 16
11, 14, 17, 41, 16
11, 14, 19, 16
12, 15, 18, 13, 41
12, 15, 18, 21, 41
12, 15, 18, 23, 20, 41
12, 15, 18, 23, 26, 29, 41
12, 15, 18, 23, 26, 31, 28, 41
12, 15, 18, 23, 26, 31, 34, 37, 41
12, 15, 18, 23, 26, 31, 34, 39, 41
12, 15, 18, 23, 26, 31, 36, 41
12, 15, 18, 23, 28, 41
12, 15, 20, 41
13, 18, 15, 20, 41
13, 18, 21, 41
13, 18, 23, 20, 41
13, 18, 23, 26, 29, 41
13, 18, 23, 26, 31, 28, 41
13, 18, 23, 26, 31, 34, 37, 41
13, 18, 23, 26, 31, 34, 39, 41
13, 18, 23, 26, 31, 36, 41
13, 18, 23, 28, 41
14, 17, 22, 19
15, 18, 21, 26, 23, 20
15, 18, 21, 41, 20
15, 18, 23, 20
16, 19, 22, 17, 41
16, 19, 22, 25, 41
16, 19, 22, 27, 24, 41
16, 19, 22, 27, 30, 33, 41
16, 19, 22, 27, 30, 35, 32, 41
16, 19, 22, 27, 30, 35, 38, 41
16, 19, 22, 27, 30, 35, 40, 41
16, 19, 22, 27, 32, 41
16, 19, 24, 41
17, 22, 19, 24, 41
17, 22, 25, 41
17, 22, 27, 24, 41
17, 22, 27, 30, 33, 41
17, 22, 27, 30, 35, 32, 41
17, 22, 27, 30, 35, 38, 41
17, 22, 27, 30, 35, 40, 41
17, 22, 27, 32, 41
18, 21, 26, 23
19, 22, 25, 30, 27, 24
19, 22, 25, 41, 24
19, 22, 27, 24
20, 23, 26, 21, 41
20, 23, 26, 29, 41
20, 23, 26, 31, 28, 41
20, 23, 26, 31, 34, 37, 41
20, 23, 26, 31, 34, 39, 41
20, 23, 26, 31, 36, 41
20, 23, 28, 41
21, 26, 23, 28, 41
21, 26, 29, 41
21, 26, 31, 28, 41
21, 26, 31, 34, 37, 41
21, 26, 31, 34, 39, 41
21, 26, 31, 36, 41
22, 25, 30, 27
23, 26, 29, 34, 31, 28
23, 26, 29, 41, 28
23, 26, 31, 28
24, 27, 30, 25, 41
24, 27, 30, 33, 41
24, 27, 30, 35, 32, 41
24, 27, 30, 35, 38, 41
24, 27, 30, 35, 40, 41
24, 27, 32, 41
25, 30, 27, 32, 41
25, 30, 33, 41
25, 30, 35, 32, 41
25, 30, 35, 38, 41
25, 30, 35, 40, 41
26, 29, 34, 31
27, 30, 33, 41, 32
27, 30, 35, 32
28, 31, 34, 29, 41
28, 31, 34, 37, 41
28, 31, 34, 39, 41
28, 31, 36, 41
29, 34, 31, 36, 41
29, 34, 37, 41
29, 34, 39, 41
31, 34, 37, 41, 36
31, 34, 39, 36
32, 35, 38, 41
32, 35, 40, 41
33, 38, 41
34, 37, 41, 39
35, 38, 41, 40
36, 39, 41
