1, 6, 3, 37
1, 6, 9, 37
1, 6, 11, 8, 37
1, 6, 11, 14, 17, 37
1, 6, 11, 14, 19, 16, 37
1, 6, 11, 14, 19, 22, 25, 37
1, 6, 11, 14, 19, 22, 27, 24, 37
1, 6, 11, 14, 19, 22, 27, 30, 33, 37
1, 6, 11, 14, 19, 22, 27, 30, 35, 37
1, 6, 11, 14, 19, 22, 27, 32, 37
1, 6, 11, 14, 19, 24, 37
1, 6, 11, 16, 37
2, 5, 37
2, 7, 4, 37
2, 7, 10, 13, 37
2, 7, 10, 15, 12, 37
2, 7, 10, 15, 18, 21, 37
2, 7, 10, 15, 18, 23, 20, 37
2, 7, 10, 15, 18, 23, 26, 29, 37
2, 7, 10, 15, 18, 23, 26, 31, 28, 37
2, 7, 10, 15, 18, 23, 26, 31, 34, 37
2, 7, 10, 15, 18, 23, 26, 31, 36, 37
2, 7, 10, 15, 18, 23, 28, 37
2, 7, 10, 15, 20, 37
2, 7, 12, 37
3, 6, 9, 37
3, 6, 11, 8
3, 6, 11, 8, 37
3, 6, 11, 14, 17, 37
3, 6, 11, 14, 19, 16, 37
3, 6, 11, 14, 19, 22, 25, 37
3, 6, 11, 14, 19, 22, 27, 24, 37
3, 6, 11, 14, 19, 22, 27, 30, 33, 37
3, 6, 11, 14, 19, 22, 27, 30, 35, 37
3, 6, 11, 14, 19, 22, 27, 32, 37
3, 6, 11, 14, 19, 24, 37
3, 6, 11, 16, 37
3, 8, 37
4, 7, 10, 5, 37
4, 7, 10, 13, 37
4, 7, 10, 15, 12, 37
4, 7, 10, 15, 18, 21, 37
4, 7, 10, 15, 18, 23, 20, 37
4, 7, 10, 15, 18, 23, 26, 29, 37
4, 7, 10, 15, 18, 23, 26, 31, 28, 37
4, 7, 10, 15, 18, 23, 26, 31, 34, 37
4, 7, 10, 15, 18, 23, 26, 31, 36, 37
4, 7, 10, 15, 18, 23, 28, 37
4, 7, 10, 15, 20, 37
4, 7, 12, 37
5, 10, 7, 12, 37
5, 10, 13, 37
5, 10, 15, 12, 37
5, 10, 15, 18, 21, 37
5, 10, 15, 18, 23, 20, 37
5, 10, 15, 18, 23, 26, 29, 37
5, 10, 15, 18, 23, 26, 31, 28, 37
5, 10, 15, 18, 23, 26, 31, 34, 37
5, 10, 15, 18, 23, 26, 31, 36, 37
5, 10, 15, 18, 23, 28, 37
5, 10, 15, 20, 37
6, 9, 14, 11
7, 10, 13, 18, 15, 12
7, 10, 13, 37, 12
7, 10, 15, 12
8, 11, 14, 9, 37
8, 11, 14, 17, 37
8, 11, 14, 19, 16, 37
8, 11, 14, 19, 22, 25, 37
8, 11, 14, 19, 22, 27, 24, 37
8, 11, 14, 19, 22, 27, 30, 33, 37
8, 11, 14, 19, 22, 27, 30, 35, 37
8, 11, 14, 19, 22, 27, 32, 37
8, 11, 14, 19, 24, 37
8, 11, 16, 37
9, 14, 11, 16, 37
9, 14, 17, 37
9, 14, 19, 16, 37
9, 14, 19, 22, 25, 37
9, 14, 19, 22, 27, 24, 37
9, 14, 19, 22, 27, 30, 33, 37
9, 14, 19, 22, 27, 30, 35, 37
9, 14, 19, 22, 27, 32, 37
9, 14, 19, 24, 37
10, 13, 18, 15
11, 14, 17, 22, 19, 16
11, 14, 17, 37, 16
11, 14, 19, 16
12, 15, 18, 13, 37
12, 15, 18, 21, 37
12, 15, 18, 23, 20, 37
12, 15, 18, 23, 26, 29, 37
12, 15, 18, 23, 26, 31, 28, 37
12, 15, 18, 23, 26, 31, 34, 37
12, 15, 18, 23, 26, 31, 36, 37
12, 15, 18, 23, 28, 37
12, 15, 20, 37
13, 18, 15, 20, 37
13, 18, 21, 37
13, 18, 23, 20, 37
13, 18, 23, 26, 29, 37
13, 18, 23, 26, 31, 28, 37
13, 18, 23, 26, 31, 34, 37
13, 18, 23, 26, 31, 36, 37
13, 18, 23, 28, 37
14, 17, 22, 19
15, 18, 21, 26, 23, 20
15, 18, 21, 37, 20
15, 18, 23, 20
16, 19, 22, 17, 37
16, 19, 22, 25, 37
16, 19, 22, 27, 24, 37
16, 19, 22, 27, 30, 33, 37
16, 19, 22, 27, 30, 35, 37
16, 19, 22, 27, 32, 37
16, 19, 24, 37
17, 22, 19, 24, 37
17, 22, 25, 37
17, 22, 27, 24, 37
17, 22, 27, 30, 33, 37
17, 22, 27, 30, 35, 37
17, 22, 27, 32, 37
18, 21, 26, 23
19, 22, 25, 30, 27, 24
19, 22, 25, 37, 24
19, 22, 27, 24
20, 23, 26, 21, 37
20, 23, 26, 29, 37
20, 23, 26, 31, 28, 37
20, 23, 26, 31, 34, 37
20, 23, 26, 31, 36, 37
20, 23, 28, 37
21, 26, 23, 28, 37
21, 26, 29, 37
21, 26, 31, 28, 37
21, 26, 31, 34, 37
21, 26, 31, 36, 37
22, 25, 30, 27
23, 26, 29, 37, 28
23, 26, 31, 28
24, 27, 30, 25, 37
24, 27, 30, 33, 37
24, 27, 30, 35, 37
24, 27, 32, 37
25, 30, 27, 32, 37
25, 30, 33, 37
25, 30, 35, 37
27, 30, 33, 37, 32
27, 30, 35, 32
28, 31, 34, 37
28, 31, 36, 37
29, 34, 37
30, 33, 37, 35
31, 34, 37, 36
32, 35, 37
