1, 12, 3, 41
1, 12, 21, 41
1, 12, 23, 14, 5, 41
1, 12, 23, 14, 25, 16, 7, 41
1, 12, 23, 14, 25, 16, 27, 18, 9, 41
1, 12, 23, 14, 25, 16, 27, 18, 29, 20, 41
1, 12, 23, 14, 25, 16, 27, 18, 29, 38, 41
1, 12, 23, 14, 25, 16, 27, 18, 29, 40, 41
1, 12, 23, 14, 25, 16, 27, 36, 41
1, 12, 23, 14, 25, 16, 27, 38, 41
1, 12, 23, 14, 25, 34, 41
1, 12, 23, 14, 25, 36, 41
1, 12, 23, 32, 41
1, 12, 23, 34, 41
2, 11, 41
2, 13, 4, 41
2, 13, 22, 31, 41
2, 13, 22, 33, 41
2, 13, 24, 15, 6, 41
2, 13, 24, 15, 26, 17, 8, 41
2, 13, 24, 15, 26, 17, 28, 19, 10, 41
2, 13, 24, 15, 26, 17, 28, 19, 30, 41
2, 13, 24, 15, 26, 17, 28, 37, 41
2, 13, 24, 15, 26, 17, 28, 39, 41
2, 13, 24, 15, 26, 35, 41
2, 13, 24, 15, 26, 37, 41
2, 13, 24, 33, 41
2, 13, 24, 35, 41
3, 12, 21, 41
3, 12, 23, 14
3, 12, 23, 14, 5, 41
3, 12, 23, 14, 25, 16, 7, 41
3, 12, 23, 14, 25, 16, 27, 18, 9, 41
3, 12, 23, 14, 25, 16, 27, 18, 29, 20, 41
3, 12, 23, 14, 25, 16, 27, 18, 29, 38, 41
3, 12, 23, 14, 25, 16, 27, 18, 29, 40, 41
3, 12, 23, 14, 25, 16, 27, 36, 41
3, 12, 23, 14, 25, 16, 27, 38, 41
3, 12, 23, 14, 25, 34, 41
3, 12, 23, 14, 25, 36, 41
3, 12, 23, 32, 41
3, 12, 23, 34, 41
3, 14, 5, 41
3, 14, 23, 32, 41
3, 14, 23, 34, 41
3, 14, 25, 16, 7, 41
3, 14, 25, 16, 27, 18, 9, 41
3, 14, 25, 16, 27, 18, 29, 20, 41
3, 14, 25, 16, 27, 18, 29, 38, 41
3, 14, 25, 16, 27, 18, 29, 40, 41
3, 14, 25, 16, 27, 36, 41
3, 14, 25, 16, 27, 38, 41
3, 14, 25, 34, 41
3, 14, 25, 36, 41
4, 13, 22, 11, 41
4, 13, 22, 31, 41
4, 13, 22, 33, 41
4, 13, 24, 15
4, 13, 24, 15, 6, 41
4, 13, 24, 15, 26, 17, 8, 41
4, 13, 24, 15, 26, 17, 28, 19, 10, 41
4, 13, 24, 15, 26, 17, 28, 19, 30, 41
4, 13, 24, 15, 26, 17, 28, 37, 41
4, 13, 24, 15, 26, 17, 28, 39, 41
4, 13, 24, 15, 26, 35, 41
4, 13, 24, 15, 26, 37, 41
4, 13, 24, 33, 41
4, 13, 24, 35, 41
4, 15, 6, 41
4, 15, 24, 33, 41
4, 15, 24, 35, 41
4, 15, 26, 17, 8, 41
4, 15, 26, 17, 28, 19, 10, 41
4, 15, 26, 17, 28, 19, 30, 41
4, 15, 26, 17, 28, 37, 41
4, 15, 26, 17, 28, 39, 41
4, 15, 26, 35, 41
4, 15, 26, 37, 41
5, 14, 23, 12, 21, 41
5, 14, 23, 32, 41
5, 14, 23, 34, 41
5, 14, 25, 16
5, 14, 25, 16, 7, 41
5, 14, 25, 16, 27, 18, 9, 41
5, 14, 25, 16, 27, 18, 29, 20, 41
5, 14, 25, 16, 27, 18, 29, 38, 41
5, 14, 25, 16, 27, 18, 29, 40, 41
5, 14, 25, 16, 27, 36, 41
5, 14, 25, 16, 27, 38, 41
5, 14, 25, 34, 41
5, 14, 25, 36, 41
5, 16, 7, 41
5, 16, 25, 34, 41
5, 16, 25, 36, 41
5, 16, 27, 18, 9, 41
5, 16, 27, 18, 29, 20, 41
5, 16, 27, 18, 29, 38, 41
5, 16, 27, 18, 29, 40, 41
5, 16, 27, 36, 41
5, 16, 27, 38, 41
6, 15, 24, 13, 22, 11, 41
6, 15, 24, 13, 22, 31, 41
6, 15, 24, 13, 22, 33, 41
6, 15, 24, 33, 41
6, 15, 24, 35, 41
6, 15, 26, 17
6, 15, 26, 17, 8, 41
6, 15, 26, 17, 28, 19, 10, 41
6, 15, 26, 17, 28, 19, 30, 41
6, 15, 26, 17, 28, 37, 41
6, 15, 26, 17, 28, 39, 41
6, 15, 26, 35, 41
6, 15, 26, 37, 41
6, 17, 8, 41
6, 17, 26, 35, 41
6, 17, 26, 37, 41
6, 17, 28, 19, 10, 41
6, 17, 28, 19, 30, 41
6, 17, 28, 37, 41
6, 17, 28, 39, 41
7, 16, 25, 14, 23, 12, 21, 41
7, 16, 25, 14, 23, 32, 41
7, 16, 25, 14, 23, 34, 41
7, 16, 25, 34, 41
7, 16, 25, 36, 41
7, 16, 27, 18
7, 16, 27, 18, 9, 41
7, 16, 27, 18, 29, 20, 41
7, 16, 27, 18, 29, 38, 41
7, 16, 27, 18, 29, 40, 41
7, 16, 27, 36, 41
7, 16, 27, 38, 41
7, 18, 9, 41
7, 18, 27, 36, 41
7, 18, 27, 38, 41
7, 18, 29, 20, 41
7, 18, 29, 38, 41
7, 18, 29, 40, 41
8, 17, 26, 15, 24, 13, 22, 11, 41
8, 17, 26, 15, 24, 13, 22, 31, 41
8, 17, 26, 15, 24, 13, 22, 33, 41
8, 17, 26, 15, 24, 33, 41
8, 17, 26, 15, 24, 35, 41
8, 17, 26, 35, 41
8, 17, 26, 37, 41
8, 17, 28, 19
8, 17, 28, 19, 10, 41
8, 17, 28, 19, 30, 41
8, 17, 28, 37, 41
8, 17, 28, 39, 41
8, 19, 10, 41
8, 19, 28, 37, 41
8, 19, 28, 39, 41
8, 19, 30, 41
9, 18, 27, 16, 25, 14, 23, 12, 21, 41
9, 18, 27, 16, 25, 14, 23, 32, 41
9, 18, 27, 16, 25, 14, 23, 34, 41
9, 18, 27, 16, 25, 34, 41
9, 18, 27, 16, 25, 36, 41
9, 18, 27, 36, 41
9, 18, 27, 38, 41
9, 18, 29, 20
9, 18, 29, 20, 41
9, 18, 29, 38, 41
9, 18, 29, 40, 41
9, 20, 41
10, 19, 28, 17, 26, 15, 24, 13, 22, 11, 41
10, 19, 28, 17, 26, 15, 24, 13, 22, 31, 41
10, 19, 28, 17, 26, 15, 24, 13, 22, 33, 41
10, 19, 28, 17, 26, 15, 24, 33, 41
10, 19, 28, 17, 26, 15, 24, 35, 41
10, 19, 28, 17, 26, 35, 41
10, 19, 28, 17, 26, 37, 41
10, 19, 28, 37, 41
10, 19, 28, 39, 41
10, 19, 30, 41
11, 22, 13, 24, 15, 26, 17, 28, 19, 30, 41
11, 22, 13, 24, 15, 26, 17, 28, 37, 41
11, 22, 13, 24, 15, 26, 17, 28, 39, 41
11, 22, 13, 24, 15, 26, 35, 41
11, 22, 13, 24, 15, 26, 37, 41
11, 22, 13, 24, 33, 41
11, 22, 13, 24, 35, 41
11, 22, 31, 41
11, 22, 33, 41
13, 22, 33, 24
14, 23, 34, 25
15, 24, 35, 26
16, 25, 36, 27
17, 26, 37, 28
18, 27, 38, 29
19, 28, 37, 41, 30
19, 28, 39, 30
20, 29, 38, 41
20, 29, 40, 41
21, 32, 41
22, 31, 41, 33
23, 32, 41, 34
24, 33, 41, 35
25, 34, 41, 36
26, 35, 41, 37
27, 36, 41, 38
28, 37, 41, 39
29, 38, 41, 40
30, 39, 41
