1, 6, 3, 29
1, 6, 9, 29
1, 6, 11, 8, 29
1, 6, 11, 14, 17, 29
1, 6, 11, 14, 19, 16, 29
1, 6, 11, 14, 19, 22, 25, 29
1, 6, 11, 14, 19, 22, 27, 29
1, 6, 11, 14, 19, 24, 29
1, 6, 11, 16, 29
2, 5, 29
2, 7, 4, 29
2, 7, 10, 13, 29
2, 7, 10, 15, 12, 29
2, 7, 10, 15, 18, 21, 29
2, 7, 10, 15, 18, 23, 20, 29
2, 7, 10, 15, 18, 23, 26, 29
2, 7, 10, 15, 18, 23, 28, 29
2, 7, 10, 15, 20, 29
2, 7, 12, 29
3, 6, 9, 29
3, 6, 11, 8
3, 6, 11, 8, 29
3, 6, 11, 14, 17, 29
3, 6, 11, 14, 19, 16, 29
3, 6, 11, 14, 19, 22, 25, 29
3, 6, 11, 14, 19, 22, 27, 29
3, 6, 11, 14, 19, 24, 29
3, 6, 11, 16, 29
3, 8, 29
4, 7, 10, 5, 29
4, 7, 10, 13, 29
4, 7, 10, 15, 12, 29
4, 7, 10, 15, 18, 21, 29
4, 7, 10, 15, 18, 23, 20, 29
4, 7, 10, 15, 18, 23, 26, 29
4, 7, 10, 15, 18, 23, 28, 29
4, 7, 10, 15, 20, 29
4, 7, 12, 29
5, 10, 7, 12, 29
5, 10, 13, 29
5, 10, 15, 12, 29
5, 10, 15, 18, 21, 29
5, 10, 15, 18, 23, 20, 29
5, 10, 15, 18, 23, 26, 29
5, 10, 15, 18, 23, 28, 29
5, 10, 15, 20, 29
6, 9, 14, 11
7, 10, 13, 18, 15, 12
7, 10, 13, 29, 12
7, 10, 15, 12
8, 11, 14, 9, 29
8, 11, 14, 17, 29
8, 11, 14, 19, 16, 29
8, 11, 14, 19, 22, 25, 29
8, 11, 14, 19, 22, 27, 29
8, 11, 14, 19, 24, 29
8, 11, 16, 29
9, 14, 11, 16, 29
9, 14, 17, 29
9, 14, 19, 16, 29
9, 14, 19, 22, 25, 29
9, 14, 19, 22, 27, 29
9, 14, 19, 24, 29
10, 13, 18, 15
11, 14, 17, 22, 19, 16
11, 14, 17, 29, 16
11, 14, 19, 16
12, 15, 18, 13, 29
12, 15, 18, 21, 29
12, 15, 18, 23, 20, 29
12, 15, 18, 23, 26, 29
12, 15, 18, 23, 28, 29
12, 15, 20, 29
13, 18, 15, 20, 29
13, 18, 21, 29
13, 18, 23, 20, 29
13, 18, 23, 26, 29
13, 18, 23, 28, 29
14, 17, 22, 19
15, 18, 21, 29, 20
15, 18, 23, 20
16, 19, 22, 17, 29
16, 19, 22, 25, 29
16, 19, 22, 27, 29
16, 19, 24, 29
17, 22, 19, 24, 29
17, 22, 25, 29
17, 22, 27, 29
19, 22, 25, 29, 24
19, 22, 27, 24
20, 23, 26, 29
20, 23, 28, 29
21, 26, 29
22, 25, 29, 27
23, 26, 29, 28
24, 27, 29
