1, 8, 3, 43
1, 8, 13, 43
1, 8, 15, 10, 5, 43
1, 8, 15, 10, 17, 12, 43
1, 8, 15, 10, 17, 22, 27, 20, 25, 43
1, 8, 15, 10, 17, 22, 27, 32, 25, 43
1, 8, 15, 10, 17, 22, 27, 32, 37, 43
1, 8, 15, 10, 17, 22, 27, 32, 39, 43
1, 8, 15, 10, 17, 22, 27, 34, 29, 24, 43
1, 8, 15, 10, 17, 22, 27, 34, 29, 36, 43
1, 8, 15, 10, 17, 22, 27, 34, 39, 43
1, 8, 15, 10, 17, 22, 27, 34, 41, 43
1, 8, 15, 10, 17, 22, 29, 24, 43
1, 8, 15, 10, 17, 22, 29, 34, 39, 43
1, 8, 15, 10, 17, 22, 29, 34, 41, 43
1, 8, 15, 10, 17, 22, 29, 36, 43
1, 8, 15, 10, 17, 24, 43
1, 8, 15, 20, 25, 43
1, 8, 15, 20, 27, 22, 17, 12, 43
1, 8, 15, 20, 27, 22, 17, 24, 43
1, 8, 15, 20, 27, 22, 29, 24, 43
1, 8, 15, 20, 27, 22, 29, 34, 39, 43
1, 8, 15, 20, 27, 22, 29, 34, 41, 43
1, 8, 15, 20, 27, 22, 29, 36, 43
1, 8, 15, 20, 27, 32, 37, 43
1, 8, 15, 20, 27, 32, 39, 43
1, 8, 15, 20, 27, 34, 29, 24, 43
1, 8, 15, 20, 27, 34, 29, 36, 43
1, 8, 15, 20, 27, 34, 39, 43
1, 8, 15, 20, 27, 34, 41, 43
1, 8, 15, 22, 17, 12, 43
1, 8, 15, 22, 17, 24, 43
1, 8, 15, 22, 27, 32, 25, 43
1, 8, 15, 22, 27, 32, 37, 43
1, 8, 15, 22, 27, 32, 39, 43
1, 8, 15, 22, 27, 34, 29, 24, 43
1, 8, 15, 22, 27, 34, 29, 36, 43
1, 8, 15, 22, 27, 34, 39, 43
1, 8, 15, 22, 27, 34, 41, 43
1, 8, 15, 22, 29, 24, 43
1, 8, 15, 22, 29, 34, 39, 43
1, 8, 15, 22, 29, 34, 41, 43
1, 8, 15, 22, 29, 36, 43
2, 7, 43
2, 9, 4, 43
2, 9, 14, 19, 43
2, 9, 14, 21, 16, 11, 6, 43
2, 9, 14, 21, 16, 11, 18, 43
2, 9, 14, 21, 16, 23, 18, 43
2, 9, 14, 21, 16, 23, 28, 33, 26, 31, 43
2, 9, 14, 21, 16, 23, 28, 33, 38, 43
2, 9, 14, 21, 16, 23, 28, 33, 40, 43
2, 9, 14, 21, 16, 23, 28, 35, 30, 43
2, 9, 14, 21, 16, 23, 28, 35, 40, 43
2, 9, 14, 21, 16, 23, 28, 35, 42, 43
2, 9, 14, 21, 16, 23, 30, 43
2, 9, 14, 21, 26, 31, 43
2, 9, 14, 21, 26, 33, 28, 23, 18, 43
2, 9, 14, 21, 26, 33, 28, 23, 30, 43
2, 9, 14, 21, 26, 33, 28, 35, 30, 43
2, 9, 14, 21, 26, 33, 28, 35, 40, 43
2, 9, 14, 21, 26, 33, 28, 35, 42, 43
2, 9, 14, 21, 26, 33, 38, 43
2, 9, 14, 21, 26, 33, 40, 43
2, 9, 14, 21, 28, 23, 18, 43
2, 9, 14, 21, 28, 23, 30, 43
2, 9, 14, 21, 28, 33, 38, 43
2, 9, 14, 21, 28, 33, 40, 43
2, 9, 14, 21, 28, 35, 30, 43
2, 9, 14, 21, 28, 35, 40, 43
2, 9, 14, 21, 28, 35, 42, 43
2, 9, 16, 11, 6, 43
2, 9, 16, 11, 18, 43
2, 9, 16, 21, 26, 19, 43
2, 9, 16, 21, 26, 31, 43
2, 9, 16, 21, 26, 33, 28, 23, 18, 43
2, 9, 16, 21, 26, 33, 28, 23, 30, 43
2, 9, 16, 21, 26, 33, 28, 35, 30, 43
2, 9, 16, 21, 26, 33, 28, 35, 40, 43
2, 9, 16, 21, 26, 33, 28, 35, 42, 43
2, 9, 16, 21, 26, 33, 38, 43
2, 9, 16, 21, 26, 33, 40, 43
2, 9, 16, 21, 28, 23, 18, 43
2, 9, 16, 21, 28, 23, 30, 43
2, 9, 16, 21, 28, 33, 38, 43
2, 9, 16, 21, 28, 33, 40, 43
2, 9, 16, 21, 28, 35, 30, 43
2, 9, 16, 21, 28, 35, 40, 43
2, 9, 16, 21, 28, 35, 42, 43
2, 9, 16, 23, 18, 43
2, 9, 16, 23, 28, 33, 26, 19, 43
2, 9, 16, 23, 28, 33, 26, 31, 43
2, 9, 16, 23, 28, 33, 38, 43
2, 9, 16, 23, 28, 33, 40, 43
2, 9, 16, 23, 28, 35, 30, 43
2, 9, 16, 23, 28, 35, 40, 43
2, 9, 16, 23, 28, 35, 42, 43
2, 9, 16, 23, 30, 43
3, 8, 13, 43
3, 8, 15, 10
3, 8, 15, 10, 5, 43
3, 8, 15, 10, 17, 12, 43
3, 8, 15, 10, 17, 22, 27, 20, 25, 43
3, 8, 15, 10, 17, 22, 27, 32, 25, 43
3, 8, 15, 10, 17, 22, 27, 32, 37, 43
3, 8, 15, 10, 17, 22, 27, 32, 39, 43
3, 8, 15, 10, 17, 22, 27, 34, 29, 24, 43
3, 8, 15, 10, 17, 22, 27, 34, 29, 36, 43
3, 8, 15, 10, 17, 22, 27, 34, 39, 43
3, 8, 15, 10, 17, 22, 27, 34, 41, 43
3, 8, 15, 10, 17, 22, 29, 24, 43
3, 8, 15, 10, 17, 22, 29, 34, 39, 43
3, 8, 15, 10, 17, 22, 29, 34, 41, 43
3, 8, 15, 10, 17, 22, 29, 36, 43
3, 8, 15, 10, 17, 24, 43
3, 8, 15, 20, 25, 43
3, 8, 15, 20, 27, 22, 17, 12, 43
3, 8, 15, 20, 27, 22, 17, 24, 43
3, 8, 15, 20, 27, 22, 29, 24, 43
3, 8, 15, 20, 27, 22, 29, 34, 39, 43
3, 8, 15, 20, 27, 22, 29, 34, 41, 43
3, 8, 15, 20, 27, 22, 29, 36, 43
3, 8, 15, 20, 27, 32, 37, 43
3, 8, 15, 20, 27, 32, 39, 43
3, 8, 15, 20, 27, 34, 29, 24, 43
3, 8, 15, 20, 27, 34, 29, 36, 43
3, 8, 15, 20, 27, 34, 39, 43
3, 8, 15, 20, 27, 34, 41, 43
3, 8, 15, 22, 17, 12, 43
3, 8, 15, 22, 17, 24, 43
3, 8, 15, 22, 27, 32, 25, 43
3, 8, 15, 22, 27, 32, 37, 43
3, 8, 15, 22, 27, 32, 39, 43
3, 8, 15, 22, 27, 34, 29, 24, 43
3, 8, 15, 22, 27, 34, 29, 36, 43
3, 8, 15, 22, 27, 34, 39, 43
3, 8, 15, 22, 27, 34, 41, 43
3, 8, 15, 22, 29, 24, 43
3, 8, 15, 22, 29, 34, 39, 43
3, 8, 15, 22, 29, 34, 41, 43
3, 8, 15, 22, 29, 36, 43
3, 10, 5, 43
3, 10, 15, 20, 13, 43
3, 10, 15, 20, 25, 43
3, 10, 15, 20, 27, 22, 17, 12, 43
3, 10, 15, 20, 27, 22, 17, 24, 43
3, 10, 15, 20, 27, 22, 29, 24, 43
3, 10, 15, 20, 27, 22, 29, 34, 39, 43
3, 10, 15, 20, 27, 22, 29, 34, 41, 43
3, 10, 15, 20, 27, 22, 29, 36, 43
3, 10, 15, 20, 27, 32, 37, 43
3, 10, 15, 20, 27, 32, 39, 43
3, 10, 15, 20, 27, 34, 29, 24, 43
3, 10, 15, 20, 27, 34, 29, 36, 43
3, 10, 15, 20, 27, 34, 39, 43
3, 10, 15, 20, 27, 34, 41, 43
3, 10, 15, 22, 17, 12, 43
3, 10, 15, 22, 17, 24, 43
3, 10, 15, 22, 27, 32, 25, 43
3, 10, 15, 22, 27, 32, 37, 43
3, 10, 15, 22, 27, 32, 39, 43
3, 10, 15, 22, 27, 34, 29, 24, 43
3, 10, 15, 22, 27, 34, 29, 36, 43
3, 10, 15, 22, 27, 34, 39, 43
3, 10, 15, 22, 27, 34, 41, 43
3, 10, 15, 22, 29, 24, 43
3, 10, 15, 22, 29, 34, 39, 43
3, 10, 15, 22, 29, 34, 41, 43
3, 10, 15, 22, 29, 36, 43
3, 10, 17, 12, 43
3, 10, 17, 22, 27, 20, 13, 43
3, 10, 17, 22, 27, 20, 25, 43
3, 10, 17, 22, 27, 32, 25, 43
3, 10, 17, 22, 27, 32, 37, 43
3, 10, 17, 22, 27, 32, 39, 43
3, 10, 17, 22, 27, 34, 29, 24, 43
3, 10, 17, 22, 27, 34, 29, 36, 43
3, 10, 17, 22, 27, 34, 39, 43
3, 10, 17, 22, 27, 34, 41, 43
3, 10, 17, 22, 29, 24, 43
3, 10, 17, 22, 29, 34, 39, 43
3, 10, 17, 22, 29, 34, 41, 43
3, 10, 17, 22, 29, 36, 43
3, 10, 17, 24, 43
4, 9, 14, 7, 43
4, 9, 14, 19, 43
4, 9, 14, 21, 16, 11
4, 9, 14, 21, 16, 11, 6, 43
4, 9, 14, 21, 16, 11, 18, 43
4, 9, 14, 21, 16, 23, 18, 43
4, 9, 14, 21, 16, 23, 28, 33, 26, 31, 43
4, 9, 14, 21, 16, 23, 28, 33, 38, 43
4, 9, 14, 21, 16, 23, 28, 33, 40, 43
4, 9, 14, 21, 16, 23, 28, 35, 30, 43
4, 9, 14, 21, 16, 23, 28, 35, 40, 43
4, 9, 14, 21, 16, 23, 28, 35, 42, 43
4, 9, 14, 21, 16, 23, 30, 43
4, 9, 14, 21, 26, 31, 43
4, 9, 14, 21, 26, 33, 28, 23, 18, 43
4, 9, 14, 21, 26, 33, 28, 23, 30, 43
4, 9, 14, 21, 26, 33, 28, 35, 30, 43
4, 9, 14, 21, 26, 33, 28, 35, 40, 43
4, 9, 14, 21, 26, 33, 28, 35, 42, 43
4, 9, 14, 21, 26, 33, 38, 43
4, 9, 14, 21, 26, 33, 40, 43
4, 9, 14, 21, 28, 23, 18, 43
4, 9, 14, 21, 28, 23, 30, 43
4, 9, 14, 21, 28, 33, 38, 43
4, 9, 14, 21, 28, 33, 40, 43
4, 9, 14, 21, 28, 35, 30, 43
4, 9, 14, 21, 28, 35, 40, 43
4, 9, 14, 21, 28, 35, 42, 43
4, 9, 16, 11
4, 9, 16, 11, 6, 43
4, 9, 16, 11, 18, 43
4, 9, 16, 21, 26, 19, 43
4, 9, 16, 21, 26, 31, 43
4, 9, 16, 21, 26, 33, 28, 23, 18, 43
4, 9, 16, 21, 26, 33, 28, 23, 30, 43
4, 9, 16, 21, 26, 33, 28, 35, 30, 43
4, 9, 16, 21, 26, 33, 28, 35, 40, 43
4, 9, 16, 21, 26, 33, 28, 35, 42, 43
4, 9, 16, 21, 26, 33, 38, 43
4, 9, 16, 21, 26, 33, 40, 43
4, 9, 16, 21, 28, 23, 18, 43
4, 9, 16, 21, 28, 23, 30, 43
4, 9, 16, 21, 28, 33, 38, 43
4, 9, 16, 21, 28, 33, 40, 43
4, 9, 16, 21, 28, 35, 30, 43
4, 9, 16, 21, 28, 35, 40, 43
4, 9, 16, 21, 28, 35, 42, 43
4, 9, 16, 23, 18, 43
4, 9, 16, 23, 28, 33, 26, 19, 43
4, 9, 16, 23, 28, 33, 26, 31, 43
4, 9, 16, 23, 28, 33, 38, 43
4, 9, 16, 23, 28, 33, 40, 43
4, 9, 16, 23, 28, 35, 30, 43
4, 9, 16, 23, 28, 35, 40, 43
4, 9, 16, 23, 28, 35, 42, 43
4, 9, 16, 23, 30, 43
4, 11, 6, 43
4, 11, 16, 21, 14, 7, 43
4, 11, 16, 21, 14, 19, 43
4, 11, 16, 21, 26, 19, 43
4, 11, 16, 21, 26, 31, 43
4, 11, 16, 21, 26, 33, 28, 23, 18, 43
4, 11, 16, 21, 26, 33, 28, 23, 30, 43
4, 11, 16, 21, 26, 33, 28, 35, 30, 43
4, 11, 16, 21, 26, 33, 28, 35, 40, 43
4, 11, 16, 21, 26, 33, 28, 35, 42, 43
4, 11, 16, 21, 26, 33, 38, 43
4, 11, 16, 21, 26, 33, 40, 43
4, 11, 16, 21, 28, 23, 18, 43
4, 11, 16, 21, 28, 23, 30, 43
4, 11, 16, 21, 28, 33, 38, 43
4, 11, 16, 21, 28, 33, 40, 43
4, 11, 16, 21, 28, 35, 30, 43
4, 11, 16, 21, 28, 35, 40, 43
4, 11, 16, 21, 28, 35, 42, 43
4, 11, 16, 23, 18, 43
4, 11, 16, 23, 28, 33, 26, 19, 43
4, 11, 16, 23, 28, 33, 26, 31, 43
4, 11, 16, 23, 28, 33, 38, 43
4, 11, 16, 23, 28, 33, 40, 43
4, 11, 16, 23, 28, 35, 30, 43
4, 11, 16, 23, 28, 35, 40, 43
4, 11, 16, 23, 28, 35, 42, 43
4, 11, 16, 23, 30, 43
4, 11, 18, 43
5, 10, 15, 8, 13, 43
5, 10, 15, 20, 13, 43
5, 10, 15, 20, 25, 43
5, 10, 15, 20, 27, 22, 17, 12
5, 10, 15, 20, 27, 22, 17, 12, 43
5, 10, 15, 20, 27, 22, 17, 24, 43
5, 10, 15, 20, 27, 22, 29, 24, 43
5, 10, 15, 20, 27, 22, 29, 34, 39, 43
5, 10, 15, 20, 27, 22, 29, 34, 41, 43
5, 10, 15, 20, 27, 22, 29, 36, 43
5, 10, 15, 20, 27, 32, 37, 43
5, 10, 15, 20, 27, 32, 39, 43
5, 10, 15, 20, 27, 34, 29, 24, 43
5, 10, 15, 20, 27, 34, 29, 36, 43
5, 10, 15, 20, 27, 34, 39, 43
5, 10, 15, 20, 27, 34, 41, 43
5, 10, 15, 22, 17, 12
5, 10, 15, 22, 17, 12, 43
5, 10, 15, 22, 17, 24, 43
5, 10, 15, 22, 27, 32, 25, 43
5, 10, 15, 22, 27, 32, 37, 43
5, 10, 15, 22, 27, 32, 39, 43
5, 10, 15, 22, 27, 34, 29, 24, 43
5, 10, 15, 22, 27, 34, 29, 36, 43
5, 10, 15, 22, 27, 34, 39, 43
5, 10, 15, 22, 27, 34, 41, 43
5, 10, 15, 22, 29, 24, 43
5, 10, 15, 22, 29, 34, 39, 43
5, 10, 15, 22, 29, 34, 41, 43
5, 10, 15, 22, 29, 36, 43
5, 10, 17, 12
5, 10, 17, 12, 43
5, 10, 17, 22, 27, 20, 13, 43
5, 10, 17, 22, 27, 20, 25, 43
5, 10, 17, 22, 27, 32, 25, 43
5, 10, 17, 22, 27, 32, 37, 43
5, 10, 17, 22, 27, 32, 39, 43
5, 10, 17, 22, 27, 34, 29, 24, 43
5, 10, 17, 22, 27, 34, 29, 36, 43
5, 10, 17, 22, 27, 34, 39, 43
5, 10, 17, 22, 27, 34, 41, 43
5, 10, 17, 22, 29, 24, 43
5, 10, 17, 22, 29, 34, 39, 43
5, 10, 17, 22, 29, 34, 41, 43
5, 10, 17, 22, 29, 36, 43
5, 10, 17, 24, 43
5, 12, 43
6, 11, 16, 9, 14, 7, 43
6, 11, 16, 9, 14, 19, 43
6, 11, 16, 9, 14, 21, 26, 31, 43
6, 11, 16, 9, 14, 21, 26, 33, 28, 23, 18, 43
6, 11, 16, 9, 14, 21, 26, 33, 28, 23, 30, 43
6, 11, 16, 9, 14, 21, 26, 33, 28, 35, 30, 43
6, 11, 16, 9, 14, 21, 26, 33, 28, 35, 40, 43
6, 11, 16, 9, 14, 21, 26, 33, 28, 35, 42, 43
6, 11, 16, 9, 14, 21, 26, 33, 38, 43
6, 11, 16, 9, 14, 21, 26, 33, 40, 43
6, 11, 16, 9, 14, 21, 28, 23, 18, 43
6, 11, 16, 9, 14, 21, 28, 23, 30, 43
6, 11, 16, 9, 14, 21, 28, 33, 38, 43
6, 11, 16, 9, 14, 21, 28, 33, 40, 43
6, 11, 16, 9, 14, 21, 28, 35, 30, 43
6, 11, 16, 9, 14, 21, 28, 35, 40, 43
6, 11, 16, 9, 14, 21, 28, 35, 42, 43
6, 11, 16, 21, 14, 7, 43
6, 11, 16, 21, 14, 19, 43
6, 11, 16, 21, 26, 19, 43
6, 11, 16, 21, 26, 31, 43
6, 11, 16, 21, 26, 33, 28, 23, 18, 43
6, 11, 16, 21, 26, 33, 28, 23, 30, 43
6, 11, 16, 21, 26, 33, 28, 35, 30, 43
6, 11, 16, 21, 26, 33, 28, 35, 40, 43
6, 11, 16, 21, 26, 33, 28, 35, 42, 43
6, 11, 16, 21, 26, 33, 38, 43
6, 11, 16, 21, 26, 33, 40, 43
6, 11, 16, 21, 28, 23, 18, 43
6, 11, 16, 21, 28, 23, 30, 43
6, 11, 16, 21, 28, 33, 38, 43
6, 11, 16, 21, 28, 33, 40, 43
6, 11, 16, 21, 28, 35, 30, 43
6, 11, 16, 21, 28, 35, 40, 43
6, 11, 16, 21, 28, 35, 42, 43
6, 11, 16, 23, 18, 43
6, 11, 16, 23, 28, 33, 26, 19, 43
6, 11, 16, 23, 28, 33, 26, 31, 43
6, 11, 16, 23, 28, 33, 38, 43
6, 11, 16, 23, 28, 33, 40, 43
6, 11, 16, 23, 28, 35, 30, 43
6, 11, 16, 23, 28, 35, 40, 43
6, 11, 16, 23, 28, 35, 42, 43
6, 11, 16, 23, 30, 43
6, 11, 18, 43
7, 14, 9, 16, 11, 18, 43
7, 14, 9, 16, 21, 26, 19, 43
7, 14, 9, 16, 21, 26, 31, 43
7, 14, 9, 16, 21, 26, 33, 28, 23, 18, 43
7, 14, 9, 16, 21, 26, 33, 28, 23, 30, 43
7, 14, 9, 16, 21, 26, 33, 28, 35, 30, 43
7, 14, 9, 16, 21, 26, 33, 28, 35, 40, 43
7, 14, 9, 16, 21, 26, 33, 28, 35, 42, 43
7, 14, 9, 16, 21, 26, 33, 38, 43
7, 14, 9, 16, 21, 26, 33, 40, 43
7, 14, 9, 16, 21, 28, 23, 18, 43
7, 14, 9, 16, 21, 28, 23, 30, 43
7, 14, 9, 16, 21, 28, 33, 38, 43
7, 14, 9, 16, 21, 28, 33, 40, 43
7, 14, 9, 16, 21, 28, 35, 30, 43
7, 14, 9, 16, 21, 28, 35, 40, 43
7, 14, 9, 16, 21, 28, 35, 42, 43
7, 14, 9, 16, 23, 18, 43
7, 14, 9, 16, 23, 28, 33, 26, 19, 43
7, 14, 9, 16, 23, 28, 33, 26, 31, 43
7, 14, 9, 16, 23, 28, 33, 38, 43
7, 14, 9, 16, 23, 28, 33, 40, 43
7, 14, 9, 16, 23, 28, 35, 30, 43
7, 14, 9, 16, 23, 28, 35, 40, 43
7, 14, 9, 16, 23, 28, 35, 42, 43
7, 14, 9, 16, 23, 30, 43
7, 14, 19, 43
7, 14, 21, 16, 11, 18, 43
7, 14, 21, 16, 23, 18, 43
7, 14, 21, 16, 23, 28, 33, 26, 31, 43
7, 14, 21, 16, 23, 28, 33, 38, 43
7, 14, 21, 16, 23, 28, 33, 40, 43
7, 14, 21, 16, 23, 28, 35, 30, 43
7, 14, 21, 16, 23, 28, 35, 40, 43
7, 14, 21, 16, 23, 28, 35, 42, 43
7, 14, 21, 16, 23, 30, 43
7, 14, 21, 26, 31, 43
7, 14, 21, 26, 33, 28, 23, 18, 43
7, 14, 21, 26, 33, 28, 23, 30, 43
7, 14, 21, 26, 33, 28, 35, 30, 43
7, 14, 21, 26, 33, 28, 35, 40, 43
7, 14, 21, 26, 33, 28, 35, 42, 43
7, 14, 21, 26, 33, 38, 43
7, 14, 21, 26, 33, 40, 43
7, 14, 21, 28, 23, 18, 43
7, 14, 21, 28, 23, 30, 43
7, 14, 21, 28, 33, 38, 43
7, 14, 21, 28, 33, 40, 43
7, 14, 21, 28, 35, 30, 43
7, 14, 21, 28, 35, 40, 43
7, 14, 21, 28, 35, 42, 43
8, 13, 20, 15
9, 14, 19, 26, 21, 16
9, 14, 19, 26, 33, 28, 23, 16
9, 14, 21, 16
10, 15, 20, 25, 32, 27, 22, 17
10, 15, 20, 27, 22, 17
10, 15, 20, 27, 34, 29, 24, 17
10, 15, 22, 17
11, 16, 21, 14, 19, 26, 33, 28, 23, 18
11, 16, 21, 14, 19, 43, 18
11, 16, 21, 26, 19, 43, 18
11, 16, 21, 26, 31, 43, 18
11, 16, 21, 26, 33, 28, 23, 18
11, 16, 21, 26, 33, 28, 35, 30, 43, 18
11, 16, 21, 26, 33, 28, 35, 40, 43, 18
11, 16, 21, 26, 33, 28, 35, 42, 43, 18
11, 16, 21, 26, 33, 38, 43, 18
11, 16, 21, 26, 33, 40, 43, 18
11, 16, 21, 28, 23, 18
11, 16, 21, 28, 33, 38, 43, 18
11, 16, 21, 28, 33, 40, 43, 18
11, 16, 21, 28, 35, 30, 43, 18
11, 16, 21, 28, 35, 40, 43, 18
11, 16, 21, 28, 35, 42, 43, 18
11, 16, 23, 18
12, 17, 22, 15, 20, 13, 43
12, 17, 22, 15, 20, 25, 43
12, 17, 22, 15, 20, 27, 32, 37, 43
12, 17, 22, 15, 20, 27, 32, 39, 43
12, 17, 22, 15, 20, 27, 34, 29, 24, 43
12, 17, 22, 15, 20, 27, 34, 29, 36, 43
12, 17, 22, 15, 20, 27, 34, 39, 43
12, 17, 22, 15, 20, 27, 34, 41, 43
12, 17, 22, 27, 20, 13, 43
12, 17, 22, 27, 20, 25, 43
12, 17, 22, 27, 32, 25, 43
12, 17, 22, 27, 32, 37, 43
12, 17, 22, 27, 32, 39, 43
12, 17, 22, 27, 34, 29, 24, 43
12, 17, 22, 27, 34, 29, 36, 43
12, 17, 22, 27, 34, 39, 43
12, 17, 22, 27, 34, 41, 43
12, 17, 22, 29, 24, 43
12, 17, 22, 29, 34, 39, 43
12, 17, 22, 29, 34, 41, 43
12, 17, 22, 29, 36, 43
12, 17, 24, 43
13, 20, 15, 22, 17, 24, 43
13, 20, 15, 22, 27, 32, 25, 43
13, 20, 15, 22, 27, 32, 37, 43
13, 20, 15, 22, 27, 32, 39, 43
13, 20, 15, 22, 27, 34, 29, 24, 43
13, 20, 15, 22, 27, 34, 29, 36, 43
13, 20, 15, 22, 27, 34, 39, 43
13, 20, 15, 22, 27, 34, 41, 43
13, 20, 15, 22, 29, 24, 43
13, 20, 15, 22, 29, 34, 39, 43
13, 20, 15, 22, 29, 34, 41, 43
13, 20, 15, 22, 29, 36, 43
13, 20, 25, 43
13, 20, 27, 22, 17, 24, 43
13, 20, 27, 22, 29, 24, 43
13, 20, 27, 22, 29, 34, 39, 43
13, 20, 27, 22, 29, 34, 41, 43
13, 20, 27, 22, 29, 36, 43
13, 20, 27, 32, 37, 43
13, 20, 27, 32, 39, 43
13, 20, 27, 34, 29, 24, 43
13, 20, 27, 34, 29, 36, 43
13, 20, 27, 34, 39, 43
13, 20, 27, 34, 41, 43
14, 19, 26, 21
15, 20, 25, 32, 27, 22
15, 20, 27, 22
16, 21, 26, 33, 28, 23
16, 21, 28, 23
17, 22, 27, 20, 25, 43, 24
17, 22, 27, 32, 25, 43, 24
17, 22, 27, 32, 37, 43, 24
17, 22, 27, 32, 39, 34, 29, 24
17, 22, 27, 32, 39, 43, 24
17, 22, 27, 34, 29, 24
17, 22, 27, 34, 39, 43, 24
17, 22, 27, 34, 41, 43, 24
17, 22, 29, 24
18, 23, 28, 21, 26, 19, 43
18, 23, 28, 21, 26, 31, 43
18, 23, 28, 21, 26, 33, 38, 43
18, 23, 28, 21, 26, 33, 40, 43
18, 23, 28, 33, 26, 19, 43
18, 23, 28, 33, 26, 31, 43
18, 23, 28, 33, 38, 43
18, 23, 28, 33, 40, 43
18, 23, 28, 35, 30, 43
18, 23, 28, 35, 40, 43
18, 23, 28, 35, 42, 43
18, 23, 30, 43
19, 26, 21, 28, 23, 30, 43
19, 26, 21, 28, 33, 38, 43
19, 26, 21, 28, 33, 40, 43
19, 26, 21, 28, 35, 30, 43
19, 26, 21, 28, 35, 40, 43
19, 26, 21, 28, 35, 42, 43
19, 26, 31, 43
19, 26, 33, 28, 23, 30, 43
19, 26, 33, 28, 35, 30, 43
19, 26, 33, 28, 35, 40, 43
19, 26, 33, 28, 35, 42, 43
19, 26, 33, 38, 43
19, 26, 33, 40, 43
20, 25, 32, 27
21, 26, 33, 28
22, 27, 32, 39, 34, 29
22, 27, 34, 29
23, 28, 33, 26, 31, 43, 30
23, 28, 33, 38, 43, 30
23, 28, 33, 40, 35, 30
23, 28, 33, 40, 43, 30
23, 28, 35, 30
24, 29, 34, 27, 32, 25, 43
24, 29, 34, 27, 32, 37, 43
24, 29, 34, 27, 32, 39, 43
24, 29, 34, 39, 43
24, 29, 34, 41, 43
24, 29, 36, 43
25, 32, 27, 34, 29, 36, 43
25, 32, 27, 34, 39, 43
25, 32, 27, 34, 41, 43
25, 32, 37, 43
25, 32, 39, 43
27, 32, 39, 34
28, 33, 40, 35
29, 34, 39, 43, 36
29, 34, 41, 36
30, 35, 40, 43
30, 35, 42, 43
31, 38, 43
32, 37, 43, 39
33, 38, 43, 40
34, 39, 43, 41
35, 40, 43, 42
36, 41, 43
