1, 9, 3, 36
1, 9, 15, 36
1, 9, 17, 11, 5, 36
1, 9, 17, 11, 19, 13, 7, 36
1, 9, 17, 11, 19, 13, 21, 36
1, 9, 17, 11, 19, 25, 31, 36
1, 9, 17, 11, 19, 25, 33, 36
1, 9, 17, 11, 19, 27, 21, 36
1, 9, 17, 11, 19, 27, 33, 36
1, 9, 17, 11, 19, 27, 35, 36
1, 9, 17, 23, 29, 36
1, 9, 17, 23, 31, 36
1, 9, 17, 25, 19, 13, 5, 36
1, 9, 17, 25, 19, 13, 7, 36
1, 9, 17, 25, 19, 13, 21, 36
1, 9, 17, 25, 19, 27, 21, 36
1, 9, 17, 25, 19, 27, 33, 36
1, 9, 17, 25, 19, 27, 35, 36
1, 9, 17, 25, 31, 36
1, 9, 17, 25, 33, 36
2, 8, 36
2, 10, 4, 36
2, 10, 16, 22, 36
2, 10, 16, 24, 18, 12, 6, 36
2, 10, 16, 24, 18, 12, 20, 14, 36
2, 10, 16, 24, 18, 12, 20, 26, 32, 36
2, 10, 16, 24, 18, 12, 20, 26, 34, 36
2, 10, 16, 24, 18, 12, 20, 28, 36
2, 10, 16, 24, 18, 26, 20, 14, 36
2, 10, 16, 24, 18, 26, 20, 28, 36
2, 10, 16, 24, 18, 26, 32, 36
2, 10, 16, 24, 18, 26, 34, 36
2, 10, 16, 24, 30, 36
2, 10, 16, 24, 32, 36
2, 10, 18, 12, 6, 36
2, 10, 18, 12, 20, 14, 36
2, 10, 18, 12, 20, 26, 32, 36
2, 10, 18, 12, 20, 26, 34, 36
2, 10, 18, 12, 20, 28, 36
2, 10, 18, 24, 30, 36
2, 10, 18, 24, 32, 36
2, 10, 18, 26, 20, 14, 36
2, 10, 18, 26, 20, 28, 36
2, 10, 18, 26, 32, 36
2, 10, 18, 26, 34, 36
3, 9, 15, 36
3, 9, 17, 11
3, 9, 17, 11, 5, 36
3, 9, 17, 11, 19, 13, 7, 36
3, 9, 17, 11, 19, 13, 21, 36
3, 9, 17, 11, 19, 25, 31, 36
3, 9, 17, 11, 19, 25, 33, 36
3, 9, 17, 11, 19, 27, 21, 36
3, 9, 17, 11, 19, 27, 33, 36
3, 9, 17, 11, 19, 27, 35, 36
3, 9, 17, 23, 29, 36
3, 9, 17, 23, 31, 36
3, 9, 17, 25, 19, 13, 5, 36
3, 9, 17, 25, 19, 13, 7, 36
3, 9, 17, 25, 19, 13, 21, 36
3, 9, 17, 25, 19, 27, 21, 36
3, 9, 17, 25, 19, 27, 33, 36
3, 9, 17, 25, 19, 27, 35, 36
3, 9, 17, 25, 31, 36
3, 9, 17, 25, 33, 36
3, 11, 5, 36
3, 11, 17, 23, 15, 36
3, 11, 17, 23, 29, 36
3, 11, 17, 23, 31, 36
3, 11, 17, 25, 19, 13, 7, 36
3, 11, 17, 25, 19, 13, 21, 36
3, 11, 17, 25, 19, 27, 21, 36
3, 11, 17, 25, 19, 27, 33, 36
3, 11, 17, 25, 19, 27, 35, 36
3, 11, 17, 25, 31, 36
3, 11, 17, 25, 33, 36
3, 11, 19, 13, 7, 36
3, 11, 19, 13, 21, 36
3, 11, 19, 25, 31, 36
3, 11, 19, 25, 33, 36
3, 11, 19, 27, 21, 36
3, 11, 19, 27, 33, 36
3, 11, 19, 27, 35, 36
4, 10, 16, 8, 36
4, 10, 16, 22, 36
4, 10, 16, 24, 18, 12
4, 10, 16, 24, 18, 12, 6, 36
4, 10, 16, 24, 18, 12, 20, 14, 36
4, 10, 16, 24, 18, 12, 20, 26, 32, 36
4, 10, 16, 24, 18, 12, 20, 26, 34, 36
4, 10, 16, 24, 18, 12, 20, 28, 36
4, 10, 16, 24, 18, 26, 20, 14, 36
4, 10, 16, 24, 18, 26, 20, 28, 36
4, 10, 16, 24, 18, 26, 32, 36
4, 10, 16, 24, 18, 26, 34, 36
4, 10, 16, 24, 30, 36
4, 10, 16, 24, 32, 36
4, 10, 18, 12
4, 10, 18, 12, 6, 36
4, 10, 18, 12, 20, 14, 36
4, 10, 18, 12, 20, 26, 32, 36
4, 10, 18, 12, 20, 26, 34, 36
4, 10, 18, 12, 20, 28, 36
4, 10, 18, 24, 30, 36
4, 10, 18, 24, 32, 36
4, 10, 18, 26, 20, 14, 36
4, 10, 18, 26, 20, 28, 36
4, 10, 18, 26, 32, 36
4, 10, 18, 26, 34, 36
4, 12, 6, 36
4, 12, 18, 24, 16, 8, 36
4, 12, 18, 24, 16, 22, 36
4, 12, 18, 24, 30, 36
4, 12, 18, 24, 32, 36
4, 12, 18, 26, 20, 14, 36
4, 12, 18, 26, 20, 28, 36
4, 12, 18, 26, 32, 36
4, 12, 18, 26, 34, 36
4, 12, 20, 14, 36
4, 12, 20, 26, 32, 36
4, 12, 20, 26, 34, 36
4, 12, 20, 28, 36
5, 11, 17, 9, 15, 36
5, 11, 17, 23, 15, 36
5, 11, 17, 23, 29, 36
5, 11, 17, 23, 31, 36
5, 11, 17, 25, 19, 13
5, 11, 17, 25, 19, 13, 7, 36
5, 11, 17, 25, 19, 13, 21, 36
5, 11, 17, 25, 19, 27, 21, 36
5, 11, 17, 25, 19, 27, 33, 36
5, 11, 17, 25, 19, 27, 35, 36
5, 11, 17, 25, 31, 36
5, 11, 17, 25, 33, 36
5, 11, 19, 13
5, 11, 19, 13, 7, 36
5, 11, 19, 13, 21, 36
5, 11, 19, 25, 31, 36
5, 11, 19, 25, 33, 36
5, 11, 19, 27, 21, 36
5, 11, 19, 27, 33, 36
5, 11, 19, 27, 35, 36
5, 13, 7, 36
5, 13, 19, 25, 17, 9, 15, 36
5, 13, 19, 25, 17, 23, 15, 36
5, 13, 19, 25, 17, 23, 29, 36
5, 13, 19, 25, 17, 23, 31, 36
5, 13, 19, 25, 31, 36
5, 13, 19, 25, 33, 36
5, 13, 19, 27, 21, 36
5, 13, 19, 27, 33, 36
5, 13, 19, 27, 35, 36
5, 13, 21, 36
6, 12, 18, 10, 16, 8, 36
6, 12, 18, 10, 16, 22, 36
6, 12, 18, 10, 16, 24, 30, 36
6, 12, 18, 10, 16, 24, 32, 36
6, 12, 18, 24, 16, 8, 36
6, 12, 18, 24, 16, 22, 36
6, 12, 18, 24, 30, 36
6, 12, 18, 24, 32, 36
6, 12, 18, 26, 20, 14
6, 12, 18, 26, 20, 14, 36
6, 12, 18, 26, 20, 28, 36
6, 12, 18, 26, 32, 36
6, 12, 18, 26, 34, 36
6, 12, 20, 14
6, 12, 20, 14, 36
6, 12, 20, 26, 32, 36
6, 12, 20, 26, 34, 36
6, 12, 20, 28, 36
6, 14, 36
7, 13, 19, 11, 17, 9, 15, 36
7, 13, 19, 11, 17, 23, 15, 36
7, 13, 19, 11, 17, 23, 29, 36
7, 13, 19, 11, 17, 23, 31, 36
7, 13, 19, 11, 17, 25, 31, 36
7, 13, 19, 11, 17, 25, 33, 36
7, 13, 19, 25, 17, 9, 15, 36
7, 13, 19, 25, 17, 23, 15, 36
7, 13, 19, 25, 17, 23, 29, 36
7, 13, 19, 25, 17, 23, 31, 36
7, 13, 19, 25, 31, 36
7, 13, 19, 25, 33, 36
7, 13, 19, 27, 21, 36
7, 13, 19, 27, 33, 36
7, 13, 19, 27, 35, 36
7, 13, 21, 36
8, 16, 10, 18, 12, 20, 14, 36
8, 16, 10, 18, 12, 20, 26, 32, 36
8, 16, 10, 18, 12, 20, 26, 34, 36
8, 16, 10, 18, 12, 20, 28, 36
8, 16, 10, 18, 24, 30, 36
8, 16, 10, 18, 24, 32, 36
8, 16, 10, 18, 26, 20, 14, 36
8, 16, 10, 18, 26, 20, 28, 36
8, 16, 10, 18, 26, 32, 36
8, 16, 10, 18, 26, 34, 36
8, 16, 22, 36
8, 16, 24, 18, 12, 20, 14, 36
8, 16, 24, 18, 12, 20, 26, 32, 36
8, 16, 24, 18, 12, 20, 26, 34, 36
8, 16, 24, 18, 12, 20, 28, 36
8, 16, 24, 18, 26, 20, 14, 36
8, 16, 24, 18, 26, 20, 28, 36
8, 16, 24, 18, 26, 32, 36
8, 16, 24, 18, 26, 34, 36
8, 16, 24, 30, 36
8, 16, 24, 32, 36
9, 15, 23, 17
10, 16, 24, 18
11, 17, 23, 31, 25, 19
11, 17, 25, 19
12, 18, 24, 32, 26, 20
12, 18, 26, 20
13, 19, 25, 17, 23, 15, 36, 21
13, 19, 25, 17, 23, 29, 36, 21
13, 19, 25, 17, 23, 31, 36, 21
13, 19, 25, 31, 36, 21
13, 19, 25, 33, 27, 21
13, 19, 25, 33, 36, 21
13, 19, 27, 21
14, 20, 26, 18, 24, 16, 22, 36
14, 20, 26, 18, 24, 30, 36
14, 20, 26, 18, 24, 32, 36
14, 20, 26, 32, 36
14, 20, 26, 34, 36
14, 20, 28, 36
15, 23, 17, 25, 19, 27, 21, 36
15, 23, 17, 25, 19, 27, 33, 36
15, 23, 17, 25, 19, 27, 35, 36
15, 23, 17, 25, 31, 36
15, 23, 17, 25, 33, 36
15, 23, 29, 36
15, 23, 31, 36
17, 23, 31, 25
18, 24, 32, 26
19, 25, 33, 27
20, 26, 32, 36, 28
20, 26, 34, 28
21, 27, 33, 36
21, 27, 35, 36
22, 30, 36
23, 29, 36, 31
24, 30, 36, 32
25, 31, 36, 33
26, 32, 36, 34
27, 33, 36, 35
28, 34, 36
