1, 6, 3, 21
1, 6, 9, 21
1, 6, 11, 8, 21
1, 6, 11, 14, 17, 21
1, 6, 11, 14, 19, 21
1, 6, 11, 16, 21
2, 5, 21
2, 7, 4, 21
2, 7, 10, 13, 21
2, 7, 10, 15, 12, 21
2, 7, 10, 15, 18, 21
2, 7, 10, 15, 20, 21
2, 7, 12, 21
3, 6, 9, 21
3, 6, 11, 8
3, 6, 11, 8, 21
3, 6, 11, 14, 17, 21
3, 6, 11, 14, 19, 21
3, 6, 11, 16, 21
3, 8, 21
4, 7, 10, 5, 21
4, 7, 10, 13, 21
4, 7, 10, 15, 12, 21
4, 7, 10, 15, 18, 21
4, 7, 10, 15, 20, 21
4, 7, 12, 21
5, 10, 7, 12, 21
5, 10, 13, 21
5, 10, 15, 12, 21
5, 10, 15, 18, 21
5, 10, 15, 20, 21
6, 9, 14, 11
7, 10, 13, 21, 12
7, 10, 15, 12
8, 11, 14, 9, 21
8, 11, 14, 17, 21
8, 11, 14, 19, 21
8, 11, 16, 21
9, 14, 11, 16, 21
9, 14, 17, 21
9, 14, 19, 21
11, 14, 17, 21, 16
11, 14, 19, 16
12, 15, 18, 21
12, 15, 20, 21
13, 18, 21
14, 17, 21, 19
15, 18, 21, 20
16, 19, 21
