1, 6, 3, 25
1, 6, 9, 25
1, 6, 11, 8, 25
1, 6, 11, 14, 17, 25
1, 6, 11, 14, 19, 16, 25
1, 6, 11, 14, 19, 22, 25
1, 6, 11, 14, 19, 24, 25
1, 6, 11, 16, 25
2, 5, 25
2, 7, 4, 25
2, 7, 10, 13, 25
2, 7, 10, 15, 12, 25
2, 7, 10, 15, 18, 21, 25
2, 7, 10, 15, 18, 23, 25
2, 7, 10, 15, 20, 25
2, 7, 12, 25
3, 6, 9, 25
3, 6, 11, 8
3, 6, 11, 8, 25
3, 6, 11, 14, 17, 25
3, 6, 11, 14, 19, 16, 25
3, 6, 11, 14, 19, 22, 25
3, 6, 11, 14, 19, 24, 25
3, 6, 11, 16, 25
3, 8, 25
4, 7, 10, 5, 25
4, 7, 10, 13, 25
4, 7, 10, 15, 12, 25
4, 7, 10, 15, 18, 21, 25
4, 7, 10, 15, 18, 23, 25
4, 7, 10, 15, 20, 25
4, 7, 12, 25
5, 10, 7, 12, 25
5, 10, 13, 25
5, 10, 15, 12, 25
5, 10, 15, 18, 21, 25
5, 10, 15, 18, 23, 25
5, 10, 15, 20, 25
6, 9, 14, 11
7, 10, 13, 18, 15, 12
7, 10, 13, 25, 12
7, 10, 15, 12
8, 11, 14, 9, 25
8, 11, 14, 17, 25
8, 11, 14, 19, 16, 25
8, 11, 14, 19, 22, 25
8, 11, 14, 19, 24, 25
8, 11, 16, 25
9, 14, 11, 16, 25
9, 14, 17, 25
9, 14, 19, 16, 25
9, 14, 19, 22, 25
9, 14, 19, 24, 25
10, 13, 18, 15
11, 14, 17, 25, 16
11, 14, 19, 16
12, 15, 18, 13, 25
12, 15, 18, 21, 25
12, 15, 18, 23, 25
12, 15, 20, 25
13, 18, 15, 20, 25
13, 18, 21, 25
13, 18, 23, 25
15, 18, 21, 25, 20
15, 18, 23, 20
16, 19, 22, 25
16, 19, 24, 25
17, 22, 25
18, 21, 25, 23
19, 22, 25, 24
20, 23, 25
